0.000000000000000000e+00
2.303159570900003585e-05
8.499217867800021341e-05
1.729683105229999878e-04
2.749076832159999041e-04
3.836665255439997125e-04
4.987926859350004950e-04
6.251364574309994232e-04
7.696122877700002423e-04
9.376845719280004453e-04
1.131294748399999228e-03
1.348858600036999559e-03
1.586827388966001191e-03
1.842157204828999764e-03
2.114653403700998604e-03
2.408044690397999430e-03
2.729946939451999722e-03
3.090605878036999619e-03
3.501205569414997647e-03
3.972835923174000000e-03
4.515974000364998686e-03
5.141381236856000514e-03
5.860974376938998809e-03
6.688940757082001247e-03
7.642142585704997729e-03
8.739978954655999027e-03
1.000331475417599869e-02
1.145277932550400023e-02
1.310761501024399964e-02
1.498371694355799845e-02
1.709197451168999529e-02
1.943661065167700056e-02
2.201283594749500055e-02
2.480449990001799485e-02
2.778151053931399855e-02
3.089989078952604107e-02
3.410502554597655278e-02
3.733871481092900652e-02
4.054924185173988671e-02
4.369793180298509050e-02
4.676148712847335437e-02
4.973064484271589453e-02
5.260403288148790546e-02
5.538629046501002823e-02
5.808686478256696456e-02
6.071899554066853555e-02
6.329869378505946498e-02
6.584416808687133804e-02
6.837237679084035014e-02
7.847088886373558558e-02
2.498928296418673756e-01
4.182225206071653600e-01
5.837419840815298855e-01
7.503726198052020901e-01
1.394015199503903624e+00
1.402130468500783822e+00
1.728292007526045282e+00
1.814232633067171641e+00
1.652979176029339303e+00
2.451174745458353676e+00
2.617307586229496774e+00
2.234744592242367656e+00
3.111992213376401306e+00
3.203481983387960863e+00
3.648943076843360167e+00
4.117972624866522047e+00
4.683021521676003829e+00
4.847058471810941072e+00
5.080180150373294623e+00
4.873074789956877595e+00
5.185541337932386696e+00
6.011451214001535703e+00
6.214816112348280797e+00
6.242123883990463362e+00
7.275336222368585126e+00
8.390615341989541065e+00
8.147987169259295115e+00
8.472368794471725195e+00
9.933062631584684610e+00
9.451923379118484903e+00
1.079105760901449251e+01
1.130836432973208083e+01
1.260137906295614840e+01
1.197023429576917053e+01
1.293084724041984401e+01
1.310662109713933887e+01
1.442664092911565277e+01
1.354502692239259787e+01
1.438563907004119891e+01
1.472518484406814743e+01
1.563427642872717094e+01
1.616642221561794912e+01
1.699042972573174382e+01
1.591460145660649061e+01
1.652039204636367487e+01
1.672240602328289327e+01
1.849862111984678492e+01
1.847406277059636537e+01
2.005861229935621992e+01
2.010204739606848179e+01
2.213517166135821412e+01
2.194170097120118612e+01
2.193380008445290841e+01
2.278449843790446039e+01
2.314146346452046998e+01
2.342605711923335932e+01
2.400535216550903073e+01
2.585291225866472686e+01
2.580662992490761454e+01
2.558778521839522568e+01
2.574138032207007853e+01
2.668397872914059832e+01
2.682897630725618399e+01
2.813688902569463934e+01
2.751563123534715061e+01
2.812858849734097078e+01
2.855210610406524907e+01
2.769312723899725626e+01
2.831563866967427856e+01
2.818216300691973331e+01
2.894299804838194845e+01
2.864019741854496104e+01
2.795959122299749922e+01
2.875521997081066417e+01
2.907904383934116055e+01
2.932167747568012217e+01
2.888893616889776439e+01
2.958975138170502817e+01
3.040994356607634685e+01
2.874493473880821170e+01
2.910087596363411677e+01
2.886568426859763647e+01
2.905443181725179258e+01
2.859351421277555616e+01
2.958909020015846281e+01
2.965528000076769288e+01
2.815646970333813925e+01
2.955378183837731854e+01
2.931789470245433193e+01
2.990177799403494063e+01
2.976861014994716115e+01
3.043190612015980889e+01
2.915185877452550756e+01
2.875941729144227565e+01
2.997775216061363679e+01
2.970099750864685362e+01
2.938265363200620683e+01
3.030374719678971474e+01
2.964210802121873556e+01
2.876835208894024021e+01
2.914646009075034172e+01
2.832555682108007744e+01
2.877791305608424111e+01
2.889697840030673959e+01
2.811437082900161499e+01
2.947156453979357238e+01
2.939315694138837642e+01
2.921465343392101133e+01
2.919332858917209350e+01
2.938322846667280785e+01
2.951021390305243486e+01
2.927747631280383089e+01
2.915767605275934926e+01
2.893215467298920984e+01
2.997592252465691232e+01
2.912122547409181195e+01
2.868720339238115002e+01
2.959904033262173684e+01
2.807342558668232257e+01
2.867845345955117864e+01
2.977273880758816205e+01
2.948135369952727203e+01
2.999457797350391175e+01
2.938502504584979036e+01
3.019789757456528534e+01
2.951801033006901420e+01
2.867145035546728238e+01
2.958860871884749955e+01
3.016613127402015238e+01
2.803116229233291889e+01
2.911907721102088686e+01
2.878088570064578278e+01
2.834569098987462255e+01
