4.700000000000000289e-01 4.700000000000000289e-01 4.700000000000000289e-01
1.410000000000000142e+00 4.700000000000000289e-01 4.700000000000000289e-01
2.350000000000000089e+00 4.700000000000000289e-01 4.700000000000000289e-01
3.290000000000000036e+00 4.700000000000000289e-01 4.700000000000000289e-01
4.230000000000000426e+00 4.700000000000000289e-01 4.700000000000000289e-01
5.169999999999999929e+00 4.700000000000000289e-01 4.700000000000000289e-01
6.110000000000000320e+00 4.700000000000000289e-01 4.700000000000000289e-01
7.050000000000000711e+00 4.700000000000000289e-01 4.700000000000000289e-01
7.990000000000000213e+00 4.700000000000000289e-01 4.700000000000000289e-01
8.929999999999999716e+00 4.700000000000000289e-01 4.700000000000000289e-01
4.700000000000000289e-01 1.410000000000000142e+00 4.700000000000000289e-01
1.410000000000000142e+00 1.410000000000000142e+00 4.700000000000000289e-01
2.350000000000000089e+00 1.410000000000000142e+00 4.700000000000000289e-01
3.290000000000000036e+00 1.410000000000000142e+00 4.700000000000000289e-01
4.230000000000000426e+00 1.410000000000000142e+00 4.700000000000000289e-01
5.169999999999999929e+00 1.410000000000000142e+00 4.700000000000000289e-01
6.110000000000000320e+00 1.410000000000000142e+00 4.700000000000000289e-01
7.050000000000000711e+00 1.410000000000000142e+00 4.700000000000000289e-01
7.990000000000000213e+00 1.410000000000000142e+00 4.700000000000000289e-01
8.929999999999999716e+00 1.410000000000000142e+00 4.700000000000000289e-01
4.700000000000000289e-01 2.350000000000000089e+00 4.700000000000000289e-01
1.410000000000000142e+00 2.350000000000000089e+00 4.700000000000000289e-01
2.350000000000000089e+00 2.350000000000000089e+00 4.700000000000000289e-01
3.290000000000000036e+00 2.350000000000000089e+00 4.700000000000000289e-01
4.230000000000000426e+00 2.350000000000000089e+00 4.700000000000000289e-01
5.169999999999999929e+00 2.350000000000000089e+00 4.700000000000000289e-01
6.110000000000000320e+00 2.350000000000000089e+00 4.700000000000000289e-01
7.050000000000000711e+00 2.350000000000000089e+00 4.700000000000000289e-01
7.990000000000000213e+00 2.350000000000000089e+00 4.700000000000000289e-01
8.929999999999999716e+00 2.350000000000000089e+00 4.700000000000000289e-01
4.700000000000000289e-01 3.290000000000000036e+00 4.700000000000000289e-01
1.410000000000000142e+00 3.290000000000000036e+00 4.700000000000000289e-01
2.350000000000000089e+00 3.290000000000000036e+00 4.700000000000000289e-01
3.290000000000000036e+00 3.290000000000000036e+00 4.700000000000000289e-01
4.230000000000000426e+00 3.290000000000000036e+00 4.700000000000000289e-01
5.169999999999999929e+00 3.290000000000000036e+00 4.700000000000000289e-01
6.110000000000000320e+00 3.290000000000000036e+00 4.700000000000000289e-01
7.050000000000000711e+00 3.290000000000000036e+00 4.700000000000000289e-01
7.990000000000000213e+00 3.290000000000000036e+00 4.700000000000000289e-01
8.929999999999999716e+00 3.290000000000000036e+00 4.700000000000000289e-01
4.700000000000000289e-01 4.230000000000000426e+00 4.700000000000000289e-01
1.410000000000000142e+00 4.230000000000000426e+00 4.700000000000000289e-01
2.350000000000000089e+00 4.230000000000000426e+00 4.700000000000000289e-01
3.290000000000000036e+00 4.230000000000000426e+00 4.700000000000000289e-01
4.230000000000000426e+00 4.230000000000000426e+00 4.700000000000000289e-01
5.169999999999999929e+00 4.230000000000000426e+00 4.700000000000000289e-01
6.110000000000000320e+00 4.230000000000000426e+00 4.700000000000000289e-01
7.050000000000000711e+00 4.230000000000000426e+00 4.700000000000000289e-01
7.990000000000000213e+00 4.230000000000000426e+00 4.700000000000000289e-01
8.929999999999999716e+00 4.230000000000000426e+00 4.700000000000000289e-01
4.700000000000000289e-01 5.169999999999999929e+00 4.700000000000000289e-01
1.410000000000000142e+00 5.169999999999999929e+00 4.700000000000000289e-01
2.350000000000000089e+00 5.169999999999999929e+00 4.700000000000000289e-01
3.290000000000000036e+00 5.169999999999999929e+00 4.700000000000000289e-01
4.230000000000000426e+00 5.169999999999999929e+00 4.700000000000000289e-01
5.169999999999999929e+00 5.169999999999999929e+00 4.700000000000000289e-01
6.110000000000000320e+00 5.169999999999999929e+00 4.700000000000000289e-01
7.050000000000000711e+00 5.169999999999999929e+00 4.700000000000000289e-01
7.990000000000000213e+00 5.169999999999999929e+00 4.700000000000000289e-01
8.929999999999999716e+00 5.169999999999999929e+00 4.700000000000000289e-01
4.700000000000000289e-01 6.110000000000000320e+00 4.700000000000000289e-01
1.410000000000000142e+00 6.110000000000000320e+00 4.700000000000000289e-01
2.350000000000000089e+00 6.110000000000000320e+00 4.700000000000000289e-01
3.290000000000000036e+00 6.110000000000000320e+00 4.700000000000000289e-01
4.230000000000000426e+00 6.110000000000000320e+00 4.700000000000000289e-01
5.169999999999999929e+00 6.110000000000000320e+00 4.700000000000000289e-01
6.110000000000000320e+00 6.110000000000000320e+00 4.700000000000000289e-01
7.050000000000000711e+00 6.110000000000000320e+00 4.700000000000000289e-01
7.990000000000000213e+00 6.110000000000000320e+00 4.700000000000000289e-01
8.929999999999999716e+00 6.110000000000000320e+00 4.700000000000000289e-01
4.700000000000000289e-01 7.050000000000000711e+00 4.700000000000000289e-01
1.410000000000000142e+00 7.050000000000000711e+00 4.700000000000000289e-01
2.350000000000000089e+00 7.050000000000000711e+00 4.700000000000000289e-01
3.290000000000000036e+00 7.050000000000000711e+00 4.700000000000000289e-01
4.230000000000000426e+00 7.050000000000000711e+00 4.700000000000000289e-01
5.169999999999999929e+00 7.050000000000000711e+00 4.700000000000000289e-01
6.110000000000000320e+00 7.050000000000000711e+00 4.700000000000000289e-01
7.050000000000000711e+00 7.050000000000000711e+00 4.700000000000000289e-01
7.990000000000000213e+00 7.050000000000000711e+00 4.700000000000000289e-01
8.929999999999999716e+00 7.050000000000000711e+00 4.700000000000000289e-01
4.700000000000000289e-01 7.990000000000000213e+00 4.700000000000000289e-01
1.410000000000000142e+00 7.990000000000000213e+00 4.700000000000000289e-01
2.350000000000000089e+00 7.990000000000000213e+00 4.700000000000000289e-01
3.290000000000000036e+00 7.990000000000000213e+00 4.700000000000000289e-01
4.230000000000000426e+00 7.990000000000000213e+00 4.700000000000000289e-01
5.169999999999999929e+00 7.990000000000000213e+00 4.700000000000000289e-01
6.110000000000000320e+00 7.990000000000000213e+00 4.700000000000000289e-01
7.050000000000000711e+00 7.990000000000000213e+00 4.700000000000000289e-01
7.990000000000000213e+00 7.990000000000000213e+00 4.700000000000000289e-01
8.929999999999999716e+00 7.990000000000000213e+00 4.700000000000000289e-01
4.700000000000000289e-01 8.929999999999999716e+00 4.700000000000000289e-01
1.410000000000000142e+00 8.929999999999999716e+00 4.700000000000000289e-01
2.350000000000000089e+00 8.929999999999999716e+00 4.700000000000000289e-01
3.290000000000000036e+00 8.929999999999999716e+00 4.700000000000000289e-01
4.230000000000000426e+00 8.929999999999999716e+00 4.700000000000000289e-01
5.169999999999999929e+00 8.929999999999999716e+00 4.700000000000000289e-01
6.110000000000000320e+00 8.929999999999999716e+00 4.700000000000000289e-01
7.050000000000000711e+00 8.929999999999999716e+00 4.700000000000000289e-01
7.990000000000000213e+00 8.929999999999999716e+00 4.700000000000000289e-01
8.929999999999999716e+00 8.929999999999999716e+00 4.700000000000000289e-01
4.700000000000000289e-01 4.700000000000000289e-01 1.410000000000000142e+00
1.410000000000000142e+00 4.700000000000000289e-01 1.410000000000000142e+00
2.350000000000000089e+00 4.700000000000000289e-01 1.410000000000000142e+00
3.290000000000000036e+00 4.700000000000000289e-01 1.410000000000000142e+00
4.230000000000000426e+00 4.700000000000000289e-01 1.410000000000000142e+00
5.169999999999999929e+00 4.700000000000000289e-01 1.410000000000000142e+00
6.110000000000000320e+00 4.700000000000000289e-01 1.410000000000000142e+00
7.050000000000000711e+00 4.700000000000000289e-01 1.410000000000000142e+00
7.990000000000000213e+00 4.700000000000000289e-01 1.410000000000000142e+00
8.929999999999999716e+00 4.700000000000000289e-01 1.410000000000000142e+00
4.700000000000000289e-01 1.410000000000000142e+00 1.410000000000000142e+00
1.410000000000000142e+00 1.410000000000000142e+00 1.410000000000000142e+00
2.350000000000000089e+00 1.410000000000000142e+00 1.410000000000000142e+00
3.290000000000000036e+00 1.410000000000000142e+00 1.410000000000000142e+00
4.230000000000000426e+00 1.410000000000000142e+00 1.410000000000000142e+00
5.169999999999999929e+00 1.410000000000000142e+00 1.410000000000000142e+00
6.110000000000000320e+00 1.410000000000000142e+00 1.410000000000000142e+00
7.050000000000000711e+00 1.410000000000000142e+00 1.410000000000000142e+00
7.990000000000000213e+00 1.410000000000000142e+00 1.410000000000000142e+00
8.929999999999999716e+00 1.410000000000000142e+00 1.410000000000000142e+00
4.700000000000000289e-01 2.350000000000000089e+00 1.410000000000000142e+00
1.410000000000000142e+00 2.350000000000000089e+00 1.410000000000000142e+00
2.350000000000000089e+00 2.350000000000000089e+00 1.410000000000000142e+00
3.290000000000000036e+00 2.350000000000000089e+00 1.410000000000000142e+00
4.230000000000000426e+00 2.350000000000000089e+00 1.410000000000000142e+00
5.169999999999999929e+00 2.350000000000000089e+00 1.410000000000000142e+00
6.110000000000000320e+00 2.350000000000000089e+00 1.410000000000000142e+00
7.050000000000000711e+00 2.350000000000000089e+00 1.410000000000000142e+00
7.990000000000000213e+00 2.350000000000000089e+00 1.410000000000000142e+00
8.929999999999999716e+00 2.350000000000000089e+00 1.410000000000000142e+00
4.700000000000000289e-01 3.290000000000000036e+00 1.410000000000000142e+00
1.410000000000000142e+00 3.290000000000000036e+00 1.410000000000000142e+00
2.350000000000000089e+00 3.290000000000000036e+00 1.410000000000000142e+00
3.290000000000000036e+00 3.290000000000000036e+00 1.410000000000000142e+00
4.230000000000000426e+00 3.290000000000000036e+00 1.410000000000000142e+00
5.169999999999999929e+00 3.290000000000000036e+00 1.410000000000000142e+00
6.110000000000000320e+00 3.290000000000000036e+00 1.410000000000000142e+00
7.050000000000000711e+00 3.290000000000000036e+00 1.410000000000000142e+00
7.990000000000000213e+00 3.290000000000000036e+00 1.410000000000000142e+00
8.929999999999999716e+00 3.290000000000000036e+00 1.410000000000000142e+00
4.700000000000000289e-01 4.230000000000000426e+00 1.410000000000000142e+00
1.410000000000000142e+00 4.230000000000000426e+00 1.410000000000000142e+00
2.350000000000000089e+00 4.230000000000000426e+00 1.410000000000000142e+00
3.290000000000000036e+00 4.230000000000000426e+00 1.410000000000000142e+00
4.230000000000000426e+00 4.230000000000000426e+00 1.410000000000000142e+00
5.169999999999999929e+00 4.230000000000000426e+00 1.410000000000000142e+00
6.110000000000000320e+00 4.230000000000000426e+00 1.410000000000000142e+00
7.050000000000000711e+00 4.230000000000000426e+00 1.410000000000000142e+00
7.990000000000000213e+00 4.230000000000000426e+00 1.410000000000000142e+00
8.929999999999999716e+00 4.230000000000000426e+00 1.410000000000000142e+00
4.700000000000000289e-01 5.169999999999999929e+00 1.410000000000000142e+00
1.410000000000000142e+00 5.169999999999999929e+00 1.410000000000000142e+00
2.350000000000000089e+00 5.169999999999999929e+00 1.410000000000000142e+00
3.290000000000000036e+00 5.169999999999999929e+00 1.410000000000000142e+00
4.230000000000000426e+00 5.169999999999999929e+00 1.410000000000000142e+00
5.169999999999999929e+00 5.169999999999999929e+00 1.410000000000000142e+00
6.110000000000000320e+00 5.169999999999999929e+00 1.410000000000000142e+00
7.050000000000000711e+00 5.169999999999999929e+00 1.410000000000000142e+00
7.990000000000000213e+00 5.169999999999999929e+00 1.410000000000000142e+00
8.929999999999999716e+00 5.169999999999999929e+00 1.410000000000000142e+00
4.700000000000000289e-01 6.110000000000000320e+00 1.410000000000000142e+00
1.410000000000000142e+00 6.110000000000000320e+00 1.410000000000000142e+00
2.350000000000000089e+00 6.110000000000000320e+00 1.410000000000000142e+00
3.290000000000000036e+00 6.110000000000000320e+00 1.410000000000000142e+00
4.230000000000000426e+00 6.110000000000000320e+00 1.410000000000000142e+00
5.169999999999999929e+00 6.110000000000000320e+00 1.410000000000000142e+00
6.110000000000000320e+00 6.110000000000000320e+00 1.410000000000000142e+00
7.050000000000000711e+00 6.110000000000000320e+00 1.410000000000000142e+00
7.990000000000000213e+00 6.110000000000000320e+00 1.410000000000000142e+00
8.929999999999999716e+00 6.110000000000000320e+00 1.410000000000000142e+00
4.700000000000000289e-01 7.050000000000000711e+00 1.410000000000000142e+00
1.410000000000000142e+00 7.050000000000000711e+00 1.410000000000000142e+00
2.350000000000000089e+00 7.050000000000000711e+00 1.410000000000000142e+00
3.290000000000000036e+00 7.050000000000000711e+00 1.410000000000000142e+00
4.230000000000000426e+00 7.050000000000000711e+00 1.410000000000000142e+00
5.169999999999999929e+00 7.050000000000000711e+00 1.410000000000000142e+00
6.110000000000000320e+00 7.050000000000000711e+00 1.410000000000000142e+00
7.050000000000000711e+00 7.050000000000000711e+00 1.410000000000000142e+00
7.990000000000000213e+00 7.050000000000000711e+00 1.410000000000000142e+00
8.929999999999999716e+00 7.050000000000000711e+00 1.410000000000000142e+00
4.700000000000000289e-01 7.990000000000000213e+00 1.410000000000000142e+00
1.410000000000000142e+00 7.990000000000000213e+00 1.410000000000000142e+00
2.350000000000000089e+00 7.990000000000000213e+00 1.410000000000000142e+00
3.290000000000000036e+00 7.990000000000000213e+00 1.410000000000000142e+00
4.230000000000000426e+00 7.990000000000000213e+00 1.410000000000000142e+00
5.169999999999999929e+00 7.990000000000000213e+00 1.410000000000000142e+00
6.110000000000000320e+00 7.990000000000000213e+00 1.410000000000000142e+00
7.050000000000000711e+00 7.990000000000000213e+00 1.410000000000000142e+00
7.990000000000000213e+00 7.990000000000000213e+00 1.410000000000000142e+00
8.929999999999999716e+00 7.990000000000000213e+00 1.410000000000000142e+00
4.700000000000000289e-01 8.929999999999999716e+00 1.410000000000000142e+00
1.410000000000000142e+00 8.929999999999999716e+00 1.410000000000000142e+00
2.350000000000000089e+00 8.929999999999999716e+00 1.410000000000000142e+00
3.290000000000000036e+00 8.929999999999999716e+00 1.410000000000000142e+00
4.230000000000000426e+00 8.929999999999999716e+00 1.410000000000000142e+00
5.169999999999999929e+00 8.929999999999999716e+00 1.410000000000000142e+00
6.110000000000000320e+00 8.929999999999999716e+00 1.410000000000000142e+00
7.050000000000000711e+00 8.929999999999999716e+00 1.410000000000000142e+00
7.990000000000000213e+00 8.929999999999999716e+00 1.410000000000000142e+00
8.929999999999999716e+00 8.929999999999999716e+00 1.410000000000000142e+00
4.700000000000000289e-01 4.700000000000000289e-01 2.350000000000000089e+00
1.410000000000000142e+00 4.700000000000000289e-01 2.350000000000000089e+00
2.350000000000000089e+00 4.700000000000000289e-01 2.350000000000000089e+00
3.290000000000000036e+00 4.700000000000000289e-01 2.350000000000000089e+00
4.230000000000000426e+00 4.700000000000000289e-01 2.350000000000000089e+00
5.169999999999999929e+00 4.700000000000000289e-01 2.350000000000000089e+00
6.110000000000000320e+00 4.700000000000000289e-01 2.350000000000000089e+00
7.050000000000000711e+00 4.700000000000000289e-01 2.350000000000000089e+00
7.990000000000000213e+00 4.700000000000000289e-01 2.350000000000000089e+00
8.929999999999999716e+00 4.700000000000000289e-01 2.350000000000000089e+00
4.700000000000000289e-01 1.410000000000000142e+00 2.350000000000000089e+00
1.410000000000000142e+00 1.410000000000000142e+00 2.350000000000000089e+00
2.350000000000000089e+00 1.410000000000000142e+00 2.350000000000000089e+00
3.290000000000000036e+00 1.410000000000000142e+00 2.350000000000000089e+00
4.230000000000000426e+00 1.410000000000000142e+00 2.350000000000000089e+00
5.169999999999999929e+00 1.410000000000000142e+00 2.350000000000000089e+00
6.110000000000000320e+00 1.410000000000000142e+00 2.350000000000000089e+00
7.050000000000000711e+00 1.410000000000000142e+00 2.350000000000000089e+00
7.990000000000000213e+00 1.410000000000000142e+00 2.350000000000000089e+00
8.929999999999999716e+00 1.410000000000000142e+00 2.350000000000000089e+00
4.700000000000000289e-01 2.350000000000000089e+00 2.350000000000000089e+00
1.410000000000000142e+00 2.350000000000000089e+00 2.350000000000000089e+00
2.350000000000000089e+00 2.350000000000000089e+00 2.350000000000000089e+00
3.290000000000000036e+00 2.350000000000000089e+00 2.350000000000000089e+00
4.230000000000000426e+00 2.350000000000000089e+00 2.350000000000000089e+00
5.169999999999999929e+00 2.350000000000000089e+00 2.350000000000000089e+00
6.110000000000000320e+00 2.350000000000000089e+00 2.350000000000000089e+00
7.050000000000000711e+00 2.350000000000000089e+00 2.350000000000000089e+00
7.990000000000000213e+00 2.350000000000000089e+00 2.350000000000000089e+00
8.929999999999999716e+00 2.350000000000000089e+00 2.350000000000000089e+00
4.700000000000000289e-01 3.290000000000000036e+00 2.350000000000000089e+00
1.410000000000000142e+00 3.290000000000000036e+00 2.350000000000000089e+00
2.350000000000000089e+00 3.290000000000000036e+00 2.350000000000000089e+00
3.290000000000000036e+00 3.290000000000000036e+00 2.350000000000000089e+00
4.230000000000000426e+00 3.290000000000000036e+00 2.350000000000000089e+00
5.169999999999999929e+00 3.290000000000000036e+00 2.350000000000000089e+00
6.110000000000000320e+00 3.290000000000000036e+00 2.350000000000000089e+00
7.050000000000000711e+00 3.290000000000000036e+00 2.350000000000000089e+00
7.990000000000000213e+00 3.290000000000000036e+00 2.350000000000000089e+00
8.929999999999999716e+00 3.290000000000000036e+00 2.350000000000000089e+00
4.700000000000000289e-01 4.230000000000000426e+00 2.350000000000000089e+00
1.410000000000000142e+00 4.230000000000000426e+00 2.350000000000000089e+00
2.350000000000000089e+00 4.230000000000000426e+00 2.350000000000000089e+00
3.290000000000000036e+00 4.230000000000000426e+00 2.350000000000000089e+00
4.230000000000000426e+00 4.230000000000000426e+00 2.350000000000000089e+00
5.169999999999999929e+00 4.230000000000000426e+00 2.350000000000000089e+00
6.110000000000000320e+00 4.230000000000000426e+00 2.350000000000000089e+00
7.050000000000000711e+00 4.230000000000000426e+00 2.350000000000000089e+00
7.990000000000000213e+00 4.230000000000000426e+00 2.350000000000000089e+00
8.929999999999999716e+00 4.230000000000000426e+00 2.350000000000000089e+00
4.700000000000000289e-01 5.169999999999999929e+00 2.350000000000000089e+00
1.410000000000000142e+00 5.169999999999999929e+00 2.350000000000000089e+00
2.350000000000000089e+00 5.169999999999999929e+00 2.350000000000000089e+00
3.290000000000000036e+00 5.169999999999999929e+00 2.350000000000000089e+00
4.230000000000000426e+00 5.169999999999999929e+00 2.350000000000000089e+00
5.169999999999999929e+00 5.169999999999999929e+00 2.350000000000000089e+00
6.110000000000000320e+00 5.169999999999999929e+00 2.350000000000000089e+00
7.050000000000000711e+00 5.169999999999999929e+00 2.350000000000000089e+00
7.990000000000000213e+00 5.169999999999999929e+00 2.350000000000000089e+00
8.929999999999999716e+00 5.169999999999999929e+00 2.350000000000000089e+00
4.700000000000000289e-01 6.110000000000000320e+00 2.350000000000000089e+00
1.410000000000000142e+00 6.110000000000000320e+00 2.350000000000000089e+00
2.350000000000000089e+00 6.110000000000000320e+00 2.350000000000000089e+00
3.290000000000000036e+00 6.110000000000000320e+00 2.350000000000000089e+00
4.230000000000000426e+00 6.110000000000000320e+00 2.350000000000000089e+00
5.169999999999999929e+00 6.110000000000000320e+00 2.350000000000000089e+00
6.110000000000000320e+00 6.110000000000000320e+00 2.350000000000000089e+00
7.050000000000000711e+00 6.110000000000000320e+00 2.350000000000000089e+00
7.990000000000000213e+00 6.110000000000000320e+00 2.350000000000000089e+00
8.929999999999999716e+00 6.110000000000000320e+00 2.350000000000000089e+00
4.700000000000000289e-01 7.050000000000000711e+00 2.350000000000000089e+00
1.410000000000000142e+00 7.050000000000000711e+00 2.350000000000000089e+00
2.350000000000000089e+00 7.050000000000000711e+00 2.350000000000000089e+00
3.290000000000000036e+00 7.050000000000000711e+00 2.350000000000000089e+00
4.230000000000000426e+00 7.050000000000000711e+00 2.350000000000000089e+00
5.169999999999999929e+00 7.050000000000000711e+00 2.350000000000000089e+00
6.110000000000000320e+00 7.050000000000000711e+00 2.350000000000000089e+00
7.050000000000000711e+00 7.050000000000000711e+00 2.350000000000000089e+00
7.990000000000000213e+00 7.050000000000000711e+00 2.350000000000000089e+00
8.929999999999999716e+00 7.050000000000000711e+00 2.350000000000000089e+00
4.700000000000000289e-01 7.990000000000000213e+00 2.350000000000000089e+00
1.410000000000000142e+00 7.990000000000000213e+00 2.350000000000000089e+00
2.350000000000000089e+00 7.990000000000000213e+00 2.350000000000000089e+00
3.290000000000000036e+00 7.990000000000000213e+00 2.350000000000000089e+00
4.230000000000000426e+00 7.990000000000000213e+00 2.350000000000000089e+00
5.169999999999999929e+00 7.990000000000000213e+00 2.350000000000000089e+00
6.110000000000000320e+00 7.990000000000000213e+00 2.350000000000000089e+00
7.050000000000000711e+00 7.990000000000000213e+00 2.350000000000000089e+00
7.990000000000000213e+00 7.990000000000000213e+00 2.350000000000000089e+00
8.929999999999999716e+00 7.990000000000000213e+00 2.350000000000000089e+00
4.700000000000000289e-01 8.929999999999999716e+00 2.350000000000000089e+00
1.410000000000000142e+00 8.929999999999999716e+00 2.350000000000000089e+00
2.350000000000000089e+00 8.929999999999999716e+00 2.350000000000000089e+00
3.290000000000000036e+00 8.929999999999999716e+00 2.350000000000000089e+00
4.230000000000000426e+00 8.929999999999999716e+00 2.350000000000000089e+00
5.169999999999999929e+00 8.929999999999999716e+00 2.350000000000000089e+00
6.110000000000000320e+00 8.929999999999999716e+00 2.350000000000000089e+00
7.050000000000000711e+00 8.929999999999999716e+00 2.350000000000000089e+00
7.990000000000000213e+00 8.929999999999999716e+00 2.350000000000000089e+00
8.929999999999999716e+00 8.929999999999999716e+00 2.350000000000000089e+00
4.700000000000000289e-01 4.700000000000000289e-01 3.290000000000000036e+00
1.410000000000000142e+00 4.700000000000000289e-01 3.290000000000000036e+00
2.350000000000000089e+00 4.700000000000000289e-01 3.290000000000000036e+00
3.290000000000000036e+00 4.700000000000000289e-01 3.290000000000000036e+00
4.230000000000000426e+00 4.700000000000000289e-01 3.290000000000000036e+00
5.169999999999999929e+00 4.700000000000000289e-01 3.290000000000000036e+00
6.110000000000000320e+00 4.700000000000000289e-01 3.290000000000000036e+00
7.050000000000000711e+00 4.700000000000000289e-01 3.290000000000000036e+00
7.990000000000000213e+00 4.700000000000000289e-01 3.290000000000000036e+00
8.929999999999999716e+00 4.700000000000000289e-01 3.290000000000000036e+00
4.700000000000000289e-01 1.410000000000000142e+00 3.290000000000000036e+00
1.410000000000000142e+00 1.410000000000000142e+00 3.290000000000000036e+00
2.350000000000000089e+00 1.410000000000000142e+00 3.290000000000000036e+00
3.290000000000000036e+00 1.410000000000000142e+00 3.290000000000000036e+00
4.230000000000000426e+00 1.410000000000000142e+00 3.290000000000000036e+00
5.169999999999999929e+00 1.410000000000000142e+00 3.290000000000000036e+00
6.110000000000000320e+00 1.410000000000000142e+00 3.290000000000000036e+00
7.050000000000000711e+00 1.410000000000000142e+00 3.290000000000000036e+00
7.990000000000000213e+00 1.410000000000000142e+00 3.290000000000000036e+00
8.929999999999999716e+00 1.410000000000000142e+00 3.290000000000000036e+00
4.700000000000000289e-01 2.350000000000000089e+00 3.290000000000000036e+00
1.410000000000000142e+00 2.350000000000000089e+00 3.290000000000000036e+00
2.350000000000000089e+00 2.350000000000000089e+00 3.290000000000000036e+00
3.290000000000000036e+00 2.350000000000000089e+00 3.290000000000000036e+00
4.230000000000000426e+00 2.350000000000000089e+00 3.290000000000000036e+00
5.169999999999999929e+00 2.350000000000000089e+00 3.290000000000000036e+00
6.110000000000000320e+00 2.350000000000000089e+00 3.290000000000000036e+00
7.050000000000000711e+00 2.350000000000000089e+00 3.290000000000000036e+00
7.990000000000000213e+00 2.350000000000000089e+00 3.290000000000000036e+00
8.929999999999999716e+00 2.350000000000000089e+00 3.290000000000000036e+00
4.700000000000000289e-01 3.290000000000000036e+00 3.290000000000000036e+00
1.410000000000000142e+00 3.290000000000000036e+00 3.290000000000000036e+00
2.350000000000000089e+00 3.290000000000000036e+00 3.290000000000000036e+00
3.290000000000000036e+00 3.290000000000000036e+00 3.290000000000000036e+00
4.230000000000000426e+00 3.290000000000000036e+00 3.290000000000000036e+00
5.169999999999999929e+00 3.290000000000000036e+00 3.290000000000000036e+00
6.110000000000000320e+00 3.290000000000000036e+00 3.290000000000000036e+00
7.050000000000000711e+00 3.290000000000000036e+00 3.290000000000000036e+00
7.990000000000000213e+00 3.290000000000000036e+00 3.290000000000000036e+00
8.929999999999999716e+00 3.290000000000000036e+00 3.290000000000000036e+00
4.700000000000000289e-01 4.230000000000000426e+00 3.290000000000000036e+00
1.410000000000000142e+00 4.230000000000000426e+00 3.290000000000000036e+00
2.350000000000000089e+00 4.230000000000000426e+00 3.290000000000000036e+00
3.290000000000000036e+00 4.230000000000000426e+00 3.290000000000000036e+00
4.230000000000000426e+00 4.230000000000000426e+00 3.290000000000000036e+00
5.169999999999999929e+00 4.230000000000000426e+00 3.290000000000000036e+00
6.110000000000000320e+00 4.230000000000000426e+00 3.290000000000000036e+00
7.050000000000000711e+00 4.230000000000000426e+00 3.290000000000000036e+00
7.990000000000000213e+00 4.230000000000000426e+00 3.290000000000000036e+00
8.929999999999999716e+00 4.230000000000000426e+00 3.290000000000000036e+00
4.700000000000000289e-01 5.169999999999999929e+00 3.290000000000000036e+00
1.410000000000000142e+00 5.169999999999999929e+00 3.290000000000000036e+00
2.350000000000000089e+00 5.169999999999999929e+00 3.290000000000000036e+00
3.290000000000000036e+00 5.169999999999999929e+00 3.290000000000000036e+00
4.230000000000000426e+00 5.169999999999999929e+00 3.290000000000000036e+00
5.169999999999999929e+00 5.169999999999999929e+00 3.290000000000000036e+00
6.110000000000000320e+00 5.169999999999999929e+00 3.290000000000000036e+00
7.050000000000000711e+00 5.169999999999999929e+00 3.290000000000000036e+00
7.990000000000000213e+00 5.169999999999999929e+00 3.290000000000000036e+00
8.929999999999999716e+00 5.169999999999999929e+00 3.290000000000000036e+00
4.700000000000000289e-01 6.110000000000000320e+00 3.290000000000000036e+00
1.410000000000000142e+00 6.110000000000000320e+00 3.290000000000000036e+00
2.350000000000000089e+00 6.110000000000000320e+00 3.290000000000000036e+00
3.290000000000000036e+00 6.110000000000000320e+00 3.290000000000000036e+00
4.230000000000000426e+00 6.110000000000000320e+00 3.290000000000000036e+00
5.169999999999999929e+00 6.110000000000000320e+00 3.290000000000000036e+00
6.110000000000000320e+00 6.110000000000000320e+00 3.290000000000000036e+00
7.050000000000000711e+00 6.110000000000000320e+00 3.290000000000000036e+00
7.990000000000000213e+00 6.110000000000000320e+00 3.290000000000000036e+00
8.929999999999999716e+00 6.110000000000000320e+00 3.290000000000000036e+00
4.700000000000000289e-01 7.050000000000000711e+00 3.290000000000000036e+00
1.410000000000000142e+00 7.050000000000000711e+00 3.290000000000000036e+00
2.350000000000000089e+00 7.050000000000000711e+00 3.290000000000000036e+00
3.290000000000000036e+00 7.050000000000000711e+00 3.290000000000000036e+00
4.230000000000000426e+00 7.050000000000000711e+00 3.290000000000000036e+00
5.169999999999999929e+00 7.050000000000000711e+00 3.290000000000000036e+00
6.110000000000000320e+00 7.050000000000000711e+00 3.290000000000000036e+00
7.050000000000000711e+00 7.050000000000000711e+00 3.290000000000000036e+00
7.990000000000000213e+00 7.050000000000000711e+00 3.290000000000000036e+00
8.929999999999999716e+00 7.050000000000000711e+00 3.290000000000000036e+00
4.700000000000000289e-01 7.990000000000000213e+00 3.290000000000000036e+00
1.410000000000000142e+00 7.990000000000000213e+00 3.290000000000000036e+00
2.350000000000000089e+00 7.990000000000000213e+00 3.290000000000000036e+00
3.290000000000000036e+00 7.990000000000000213e+00 3.290000000000000036e+00
4.230000000000000426e+00 7.990000000000000213e+00 3.290000000000000036e+00
5.169999999999999929e+00 7.990000000000000213e+00 3.290000000000000036e+00
6.110000000000000320e+00 7.990000000000000213e+00 3.290000000000000036e+00
7.050000000000000711e+00 7.990000000000000213e+00 3.290000000000000036e+00
7.990000000000000213e+00 7.990000000000000213e+00 3.290000000000000036e+00
8.929999999999999716e+00 7.990000000000000213e+00 3.290000000000000036e+00
4.700000000000000289e-01 8.929999999999999716e+00 3.290000000000000036e+00
1.410000000000000142e+00 8.929999999999999716e+00 3.290000000000000036e+00
2.350000000000000089e+00 8.929999999999999716e+00 3.290000000000000036e+00
3.290000000000000036e+00 8.929999999999999716e+00 3.290000000000000036e+00
4.230000000000000426e+00 8.929999999999999716e+00 3.290000000000000036e+00
5.169999999999999929e+00 8.929999999999999716e+00 3.290000000000000036e+00
6.110000000000000320e+00 8.929999999999999716e+00 3.290000000000000036e+00
7.050000000000000711e+00 8.929999999999999716e+00 3.290000000000000036e+00
7.990000000000000213e+00 8.929999999999999716e+00 3.290000000000000036e+00
8.929999999999999716e+00 8.929999999999999716e+00 3.290000000000000036e+00
4.700000000000000289e-01 4.700000000000000289e-01 4.230000000000000426e+00
1.410000000000000142e+00 4.700000000000000289e-01 4.230000000000000426e+00
2.350000000000000089e+00 4.700000000000000289e-01 4.230000000000000426e+00
3.290000000000000036e+00 4.700000000000000289e-01 4.230000000000000426e+00
4.230000000000000426e+00 4.700000000000000289e-01 4.230000000000000426e+00
5.169999999999999929e+00 4.700000000000000289e-01 4.230000000000000426e+00
6.110000000000000320e+00 4.700000000000000289e-01 4.230000000000000426e+00
7.050000000000000711e+00 4.700000000000000289e-01 4.230000000000000426e+00
7.990000000000000213e+00 4.700000000000000289e-01 4.230000000000000426e+00
8.929999999999999716e+00 4.700000000000000289e-01 4.230000000000000426e+00
4.700000000000000289e-01 1.410000000000000142e+00 4.230000000000000426e+00
1.410000000000000142e+00 1.410000000000000142e+00 4.230000000000000426e+00
2.350000000000000089e+00 1.410000000000000142e+00 4.230000000000000426e+00
3.290000000000000036e+00 1.410000000000000142e+00 4.230000000000000426e+00
4.230000000000000426e+00 1.410000000000000142e+00 4.230000000000000426e+00
5.169999999999999929e+00 1.410000000000000142e+00 4.230000000000000426e+00
6.110000000000000320e+00 1.410000000000000142e+00 4.230000000000000426e+00
7.050000000000000711e+00 1.410000000000000142e+00 4.230000000000000426e+00
7.990000000000000213e+00 1.410000000000000142e+00 4.230000000000000426e+00
8.929999999999999716e+00 1.410000000000000142e+00 4.230000000000000426e+00
4.700000000000000289e-01 2.350000000000000089e+00 4.230000000000000426e+00
1.410000000000000142e+00 2.350000000000000089e+00 4.230000000000000426e+00
2.350000000000000089e+00 2.350000000000000089e+00 4.230000000000000426e+00
3.290000000000000036e+00 2.350000000000000089e+00 4.230000000000000426e+00
4.230000000000000426e+00 2.350000000000000089e+00 4.230000000000000426e+00
5.169999999999999929e+00 2.350000000000000089e+00 4.230000000000000426e+00
6.110000000000000320e+00 2.350000000000000089e+00 4.230000000000000426e+00
7.050000000000000711e+00 2.350000000000000089e+00 4.230000000000000426e+00
7.990000000000000213e+00 2.350000000000000089e+00 4.230000000000000426e+00
8.929999999999999716e+00 2.350000000000000089e+00 4.230000000000000426e+00
4.700000000000000289e-01 3.290000000000000036e+00 4.230000000000000426e+00
1.410000000000000142e+00 3.290000000000000036e+00 4.230000000000000426e+00
2.350000000000000089e+00 3.290000000000000036e+00 4.230000000000000426e+00
3.290000000000000036e+00 3.290000000000000036e+00 4.230000000000000426e+00
4.230000000000000426e+00 3.290000000000000036e+00 4.230000000000000426e+00
5.169999999999999929e+00 3.290000000000000036e+00 4.230000000000000426e+00
6.110000000000000320e+00 3.290000000000000036e+00 4.230000000000000426e+00
7.050000000000000711e+00 3.290000000000000036e+00 4.230000000000000426e+00
7.990000000000000213e+00 3.290000000000000036e+00 4.230000000000000426e+00
8.929999999999999716e+00 3.290000000000000036e+00 4.230000000000000426e+00
4.700000000000000289e-01 4.230000000000000426e+00 4.230000000000000426e+00
1.410000000000000142e+00 4.230000000000000426e+00 4.230000000000000426e+00
2.350000000000000089e+00 4.230000000000000426e+00 4.230000000000000426e+00
3.290000000000000036e+00 4.230000000000000426e+00 4.230000000000000426e+00
4.230000000000000426e+00 4.230000000000000426e+00 4.230000000000000426e+00
5.169999999999999929e+00 4.230000000000000426e+00 4.230000000000000426e+00
6.110000000000000320e+00 4.230000000000000426e+00 4.230000000000000426e+00
7.050000000000000711e+00 4.230000000000000426e+00 4.230000000000000426e+00
7.990000000000000213e+00 4.230000000000000426e+00 4.230000000000000426e+00
8.929999999999999716e+00 4.230000000000000426e+00 4.230000000000000426e+00
4.700000000000000289e-01 5.169999999999999929e+00 4.230000000000000426e+00
1.410000000000000142e+00 5.169999999999999929e+00 4.230000000000000426e+00
2.350000000000000089e+00 5.169999999999999929e+00 4.230000000000000426e+00
3.290000000000000036e+00 5.169999999999999929e+00 4.230000000000000426e+00
4.230000000000000426e+00 5.169999999999999929e+00 4.230000000000000426e+00
5.169999999999999929e+00 5.169999999999999929e+00 4.230000000000000426e+00
6.110000000000000320e+00 5.169999999999999929e+00 4.230000000000000426e+00
7.050000000000000711e+00 5.169999999999999929e+00 4.230000000000000426e+00
7.990000000000000213e+00 5.169999999999999929e+00 4.230000000000000426e+00
8.929999999999999716e+00 5.169999999999999929e+00 4.230000000000000426e+00
4.700000000000000289e-01 6.110000000000000320e+00 4.230000000000000426e+00
1.410000000000000142e+00 6.110000000000000320e+00 4.230000000000000426e+00
2.350000000000000089e+00 6.110000000000000320e+00 4.230000000000000426e+00
3.290000000000000036e+00 6.110000000000000320e+00 4.230000000000000426e+00
4.230000000000000426e+00 6.110000000000000320e+00 4.230000000000000426e+00
5.169999999999999929e+00 6.110000000000000320e+00 4.230000000000000426e+00
6.110000000000000320e+00 6.110000000000000320e+00 4.230000000000000426e+00
7.050000000000000711e+00 6.110000000000000320e+00 4.230000000000000426e+00
7.990000000000000213e+00 6.110000000000000320e+00 4.230000000000000426e+00
8.929999999999999716e+00 6.110000000000000320e+00 4.230000000000000426e+00
4.700000000000000289e-01 7.050000000000000711e+00 4.230000000000000426e+00
1.410000000000000142e+00 7.050000000000000711e+00 4.230000000000000426e+00
2.350000000000000089e+00 7.050000000000000711e+00 4.230000000000000426e+00
3.290000000000000036e+00 7.050000000000000711e+00 4.230000000000000426e+00
4.230000000000000426e+00 7.050000000000000711e+00 4.230000000000000426e+00
5.169999999999999929e+00 7.050000000000000711e+00 4.230000000000000426e+00
6.110000000000000320e+00 7.050000000000000711e+00 4.230000000000000426e+00
7.050000000000000711e+00 7.050000000000000711e+00 4.230000000000000426e+00
7.990000000000000213e+00 7.050000000000000711e+00 4.230000000000000426e+00
8.929999999999999716e+00 7.050000000000000711e+00 4.230000000000000426e+00
4.700000000000000289e-01 7.990000000000000213e+00 4.230000000000000426e+00
1.410000000000000142e+00 7.990000000000000213e+00 4.230000000000000426e+00
2.350000000000000089e+00 7.990000000000000213e+00 4.230000000000000426e+00
3.290000000000000036e+00 7.990000000000000213e+00 4.230000000000000426e+00
4.230000000000000426e+00 7.990000000000000213e+00 4.230000000000000426e+00
5.169999999999999929e+00 7.990000000000000213e+00 4.230000000000000426e+00
6.110000000000000320e+00 7.990000000000000213e+00 4.230000000000000426e+00
7.050000000000000711e+00 7.990000000000000213e+00 4.230000000000000426e+00
7.990000000000000213e+00 7.990000000000000213e+00 4.230000000000000426e+00
8.929999999999999716e+00 7.990000000000000213e+00 4.230000000000000426e+00
4.700000000000000289e-01 8.929999999999999716e+00 4.230000000000000426e+00
1.410000000000000142e+00 8.929999999999999716e+00 4.230000000000000426e+00
2.350000000000000089e+00 8.929999999999999716e+00 4.230000000000000426e+00
3.290000000000000036e+00 8.929999999999999716e+00 4.230000000000000426e+00
4.230000000000000426e+00 8.929999999999999716e+00 4.230000000000000426e+00
5.169999999999999929e+00 8.929999999999999716e+00 4.230000000000000426e+00
6.110000000000000320e+00 8.929999999999999716e+00 4.230000000000000426e+00
7.050000000000000711e+00 8.929999999999999716e+00 4.230000000000000426e+00
7.990000000000000213e+00 8.929999999999999716e+00 4.230000000000000426e+00
8.929999999999999716e+00 8.929999999999999716e+00 4.230000000000000426e+00
4.700000000000000289e-01 4.700000000000000289e-01 5.169999999999999929e+00
1.410000000000000142e+00 4.700000000000000289e-01 5.169999999999999929e+00
2.350000000000000089e+00 4.700000000000000289e-01 5.169999999999999929e+00
3.290000000000000036e+00 4.700000000000000289e-01 5.169999999999999929e+00
4.230000000000000426e+00 4.700000000000000289e-01 5.169999999999999929e+00
5.169999999999999929e+00 4.700000000000000289e-01 5.169999999999999929e+00
6.110000000000000320e+00 4.700000000000000289e-01 5.169999999999999929e+00
7.050000000000000711e+00 4.700000000000000289e-01 5.169999999999999929e+00
7.990000000000000213e+00 4.700000000000000289e-01 5.169999999999999929e+00
8.929999999999999716e+00 4.700000000000000289e-01 5.169999999999999929e+00
4.700000000000000289e-01 1.410000000000000142e+00 5.169999999999999929e+00
1.410000000000000142e+00 1.410000000000000142e+00 5.169999999999999929e+00
2.350000000000000089e+00 1.410000000000000142e+00 5.169999999999999929e+00
3.290000000000000036e+00 1.410000000000000142e+00 5.169999999999999929e+00
4.230000000000000426e+00 1.410000000000000142e+00 5.169999999999999929e+00
5.169999999999999929e+00 1.410000000000000142e+00 5.169999999999999929e+00
6.110000000000000320e+00 1.410000000000000142e+00 5.169999999999999929e+00
7.050000000000000711e+00 1.410000000000000142e+00 5.169999999999999929e+00
7.990000000000000213e+00 1.410000000000000142e+00 5.169999999999999929e+00
8.929999999999999716e+00 1.410000000000000142e+00 5.169999999999999929e+00
4.700000000000000289e-01 2.350000000000000089e+00 5.169999999999999929e+00
1.410000000000000142e+00 2.350000000000000089e+00 5.169999999999999929e+00
2.350000000000000089e+00 2.350000000000000089e+00 5.169999999999999929e+00
3.290000000000000036e+00 2.350000000000000089e+00 5.169999999999999929e+00
4.230000000000000426e+00 2.350000000000000089e+00 5.169999999999999929e+00
5.169999999999999929e+00 2.350000000000000089e+00 5.169999999999999929e+00
6.110000000000000320e+00 2.350000000000000089e+00 5.169999999999999929e+00
7.050000000000000711e+00 2.350000000000000089e+00 5.169999999999999929e+00
7.990000000000000213e+00 2.350000000000000089e+00 5.169999999999999929e+00
8.929999999999999716e+00 2.350000000000000089e+00 5.169999999999999929e+00
4.700000000000000289e-01 3.290000000000000036e+00 5.169999999999999929e+00
1.410000000000000142e+00 3.290000000000000036e+00 5.169999999999999929e+00
2.350000000000000089e+00 3.290000000000000036e+00 5.169999999999999929e+00
3.290000000000000036e+00 3.290000000000000036e+00 5.169999999999999929e+00
4.230000000000000426e+00 3.290000000000000036e+00 5.169999999999999929e+00
5.169999999999999929e+00 3.290000000000000036e+00 5.169999999999999929e+00
6.110000000000000320e+00 3.290000000000000036e+00 5.169999999999999929e+00
7.050000000000000711e+00 3.290000000000000036e+00 5.169999999999999929e+00
7.990000000000000213e+00 3.290000000000000036e+00 5.169999999999999929e+00
8.929999999999999716e+00 3.290000000000000036e+00 5.169999999999999929e+00
4.700000000000000289e-01 4.230000000000000426e+00 5.169999999999999929e+00
1.410000000000000142e+00 4.230000000000000426e+00 5.169999999999999929e+00
2.350000000000000089e+00 4.230000000000000426e+00 5.169999999999999929e+00
3.290000000000000036e+00 4.230000000000000426e+00 5.169999999999999929e+00
4.230000000000000426e+00 4.230000000000000426e+00 5.169999999999999929e+00
5.169999999999999929e+00 4.230000000000000426e+00 5.169999999999999929e+00
6.110000000000000320e+00 4.230000000000000426e+00 5.169999999999999929e+00
7.050000000000000711e+00 4.230000000000000426e+00 5.169999999999999929e+00
7.990000000000000213e+00 4.230000000000000426e+00 5.169999999999999929e+00
8.929999999999999716e+00 4.230000000000000426e+00 5.169999999999999929e+00
4.700000000000000289e-01 5.169999999999999929e+00 5.169999999999999929e+00
1.410000000000000142e+00 5.169999999999999929e+00 5.169999999999999929e+00
2.350000000000000089e+00 5.169999999999999929e+00 5.169999999999999929e+00
3.290000000000000036e+00 5.169999999999999929e+00 5.169999999999999929e+00
4.230000000000000426e+00 5.169999999999999929e+00 5.169999999999999929e+00
5.169999999999999929e+00 5.169999999999999929e+00 5.169999999999999929e+00
6.110000000000000320e+00 5.169999999999999929e+00 5.169999999999999929e+00
7.050000000000000711e+00 5.169999999999999929e+00 5.169999999999999929e+00
7.990000000000000213e+00 5.169999999999999929e+00 5.169999999999999929e+00
8.929999999999999716e+00 5.169999999999999929e+00 5.169999999999999929e+00
4.700000000000000289e-01 6.110000000000000320e+00 5.169999999999999929e+00
1.410000000000000142e+00 6.110000000000000320e+00 5.169999999999999929e+00
2.350000000000000089e+00 6.110000000000000320e+00 5.169999999999999929e+00
3.290000000000000036e+00 6.110000000000000320e+00 5.169999999999999929e+00
4.230000000000000426e+00 6.110000000000000320e+00 5.169999999999999929e+00
5.169999999999999929e+00 6.110000000000000320e+00 5.169999999999999929e+00
6.110000000000000320e+00 6.110000000000000320e+00 5.169999999999999929e+00
7.050000000000000711e+00 6.110000000000000320e+00 5.169999999999999929e+00
7.990000000000000213e+00 6.110000000000000320e+00 5.169999999999999929e+00
8.929999999999999716e+00 6.110000000000000320e+00 5.169999999999999929e+00
4.700000000000000289e-01 7.050000000000000711e+00 5.169999999999999929e+00
1.410000000000000142e+00 7.050000000000000711e+00 5.169999999999999929e+00
2.350000000000000089e+00 7.050000000000000711e+00 5.169999999999999929e+00
3.290000000000000036e+00 7.050000000000000711e+00 5.169999999999999929e+00
4.230000000000000426e+00 7.050000000000000711e+00 5.169999999999999929e+00
5.169999999999999929e+00 7.050000000000000711e+00 5.169999999999999929e+00
6.110000000000000320e+00 7.050000000000000711e+00 5.169999999999999929e+00
7.050000000000000711e+00 7.050000000000000711e+00 5.169999999999999929e+00
7.990000000000000213e+00 7.050000000000000711e+00 5.169999999999999929e+00
8.929999999999999716e+00 7.050000000000000711e+00 5.169999999999999929e+00
4.700000000000000289e-01 7.990000000000000213e+00 5.169999999999999929e+00
1.410000000000000142e+00 7.990000000000000213e+00 5.169999999999999929e+00
2.350000000000000089e+00 7.990000000000000213e+00 5.169999999999999929e+00
3.290000000000000036e+00 7.990000000000000213e+00 5.169999999999999929e+00
4.230000000000000426e+00 7.990000000000000213e+00 5.169999999999999929e+00
5.169999999999999929e+00 7.990000000000000213e+00 5.169999999999999929e+00
6.110000000000000320e+00 7.990000000000000213e+00 5.169999999999999929e+00
7.050000000000000711e+00 7.990000000000000213e+00 5.169999999999999929e+00
7.990000000000000213e+00 7.990000000000000213e+00 5.169999999999999929e+00
8.929999999999999716e+00 7.990000000000000213e+00 5.169999999999999929e+00
4.700000000000000289e-01 8.929999999999999716e+00 5.169999999999999929e+00
1.410000000000000142e+00 8.929999999999999716e+00 5.169999999999999929e+00
2.350000000000000089e+00 8.929999999999999716e+00 5.169999999999999929e+00
3.290000000000000036e+00 8.929999999999999716e+00 5.169999999999999929e+00
4.230000000000000426e+00 8.929999999999999716e+00 5.169999999999999929e+00
5.169999999999999929e+00 8.929999999999999716e+00 5.169999999999999929e+00
6.110000000000000320e+00 8.929999999999999716e+00 5.169999999999999929e+00
7.050000000000000711e+00 8.929999999999999716e+00 5.169999999999999929e+00
7.990000000000000213e+00 8.929999999999999716e+00 5.169999999999999929e+00
8.929999999999999716e+00 8.929999999999999716e+00 5.169999999999999929e+00
4.700000000000000289e-01 4.700000000000000289e-01 6.110000000000000320e+00
1.410000000000000142e+00 4.700000000000000289e-01 6.110000000000000320e+00
2.350000000000000089e+00 4.700000000000000289e-01 6.110000000000000320e+00
3.290000000000000036e+00 4.700000000000000289e-01 6.110000000000000320e+00
4.230000000000000426e+00 4.700000000000000289e-01 6.110000000000000320e+00
5.169999999999999929e+00 4.700000000000000289e-01 6.110000000000000320e+00
6.110000000000000320e+00 4.700000000000000289e-01 6.110000000000000320e+00
7.050000000000000711e+00 4.700000000000000289e-01 6.110000000000000320e+00
7.990000000000000213e+00 4.700000000000000289e-01 6.110000000000000320e+00
8.929999999999999716e+00 4.700000000000000289e-01 6.110000000000000320e+00
4.700000000000000289e-01 1.410000000000000142e+00 6.110000000000000320e+00
1.410000000000000142e+00 1.410000000000000142e+00 6.110000000000000320e+00
2.350000000000000089e+00 1.410000000000000142e+00 6.110000000000000320e+00
3.290000000000000036e+00 1.410000000000000142e+00 6.110000000000000320e+00
4.230000000000000426e+00 1.410000000000000142e+00 6.110000000000000320e+00
5.169999999999999929e+00 1.410000000000000142e+00 6.110000000000000320e+00
6.110000000000000320e+00 1.410000000000000142e+00 6.110000000000000320e+00
7.050000000000000711e+00 1.410000000000000142e+00 6.110000000000000320e+00
7.990000000000000213e+00 1.410000000000000142e+00 6.110000000000000320e+00
8.929999999999999716e+00 1.410000000000000142e+00 6.110000000000000320e+00
4.700000000000000289e-01 2.350000000000000089e+00 6.110000000000000320e+00
1.410000000000000142e+00 2.350000000000000089e+00 6.110000000000000320e+00
2.350000000000000089e+00 2.350000000000000089e+00 6.110000000000000320e+00
3.290000000000000036e+00 2.350000000000000089e+00 6.110000000000000320e+00
4.230000000000000426e+00 2.350000000000000089e+00 6.110000000000000320e+00
5.169999999999999929e+00 2.350000000000000089e+00 6.110000000000000320e+00
6.110000000000000320e+00 2.350000000000000089e+00 6.110000000000000320e+00
7.050000000000000711e+00 2.350000000000000089e+00 6.110000000000000320e+00
7.990000000000000213e+00 2.350000000000000089e+00 6.110000000000000320e+00
8.929999999999999716e+00 2.350000000000000089e+00 6.110000000000000320e+00
4.700000000000000289e-01 3.290000000000000036e+00 6.110000000000000320e+00
1.410000000000000142e+00 3.290000000000000036e+00 6.110000000000000320e+00
2.350000000000000089e+00 3.290000000000000036e+00 6.110000000000000320e+00
3.290000000000000036e+00 3.290000000000000036e+00 6.110000000000000320e+00
4.230000000000000426e+00 3.290000000000000036e+00 6.110000000000000320e+00
5.169999999999999929e+00 3.290000000000000036e+00 6.110000000000000320e+00
6.110000000000000320e+00 3.290000000000000036e+00 6.110000000000000320e+00
7.050000000000000711e+00 3.290000000000000036e+00 6.110000000000000320e+00
7.990000000000000213e+00 3.290000000000000036e+00 6.110000000000000320e+00
8.929999999999999716e+00 3.290000000000000036e+00 6.110000000000000320e+00
4.700000000000000289e-01 4.230000000000000426e+00 6.110000000000000320e+00
1.410000000000000142e+00 4.230000000000000426e+00 6.110000000000000320e+00
2.350000000000000089e+00 4.230000000000000426e+00 6.110000000000000320e+00
3.290000000000000036e+00 4.230000000000000426e+00 6.110000000000000320e+00
4.230000000000000426e+00 4.230000000000000426e+00 6.110000000000000320e+00
5.169999999999999929e+00 4.230000000000000426e+00 6.110000000000000320e+00
6.110000000000000320e+00 4.230000000000000426e+00 6.110000000000000320e+00
7.050000000000000711e+00 4.230000000000000426e+00 6.110000000000000320e+00
7.990000000000000213e+00 4.230000000000000426e+00 6.110000000000000320e+00
8.929999999999999716e+00 4.230000000000000426e+00 6.110000000000000320e+00
4.700000000000000289e-01 5.169999999999999929e+00 6.110000000000000320e+00
1.410000000000000142e+00 5.169999999999999929e+00 6.110000000000000320e+00
2.350000000000000089e+00 5.169999999999999929e+00 6.110000000000000320e+00
3.290000000000000036e+00 5.169999999999999929e+00 6.110000000000000320e+00
4.230000000000000426e+00 5.169999999999999929e+00 6.110000000000000320e+00
5.169999999999999929e+00 5.169999999999999929e+00 6.110000000000000320e+00
6.110000000000000320e+00 5.169999999999999929e+00 6.110000000000000320e+00
7.050000000000000711e+00 5.169999999999999929e+00 6.110000000000000320e+00
7.990000000000000213e+00 5.169999999999999929e+00 6.110000000000000320e+00
8.929999999999999716e+00 5.169999999999999929e+00 6.110000000000000320e+00
4.700000000000000289e-01 6.110000000000000320e+00 6.110000000000000320e+00
1.410000000000000142e+00 6.110000000000000320e+00 6.110000000000000320e+00
2.350000000000000089e+00 6.110000000000000320e+00 6.110000000000000320e+00
3.290000000000000036e+00 6.110000000000000320e+00 6.110000000000000320e+00
4.230000000000000426e+00 6.110000000000000320e+00 6.110000000000000320e+00
5.169999999999999929e+00 6.110000000000000320e+00 6.110000000000000320e+00
6.110000000000000320e+00 6.110000000000000320e+00 6.110000000000000320e+00
7.050000000000000711e+00 6.110000000000000320e+00 6.110000000000000320e+00
7.990000000000000213e+00 6.110000000000000320e+00 6.110000000000000320e+00
8.929999999999999716e+00 6.110000000000000320e+00 6.110000000000000320e+00
4.700000000000000289e-01 7.050000000000000711e+00 6.110000000000000320e+00
1.410000000000000142e+00 7.050000000000000711e+00 6.110000000000000320e+00
2.350000000000000089e+00 7.050000000000000711e+00 6.110000000000000320e+00
3.290000000000000036e+00 7.050000000000000711e+00 6.110000000000000320e+00
4.230000000000000426e+00 7.050000000000000711e+00 6.110000000000000320e+00
5.169999999999999929e+00 7.050000000000000711e+00 6.110000000000000320e+00
6.110000000000000320e+00 7.050000000000000711e+00 6.110000000000000320e+00
7.050000000000000711e+00 7.050000000000000711e+00 6.110000000000000320e+00
7.990000000000000213e+00 7.050000000000000711e+00 6.110000000000000320e+00
8.929999999999999716e+00 7.050000000000000711e+00 6.110000000000000320e+00
4.700000000000000289e-01 7.990000000000000213e+00 6.110000000000000320e+00
1.410000000000000142e+00 7.990000000000000213e+00 6.110000000000000320e+00
2.350000000000000089e+00 7.990000000000000213e+00 6.110000000000000320e+00
3.290000000000000036e+00 7.990000000000000213e+00 6.110000000000000320e+00
4.230000000000000426e+00 7.990000000000000213e+00 6.110000000000000320e+00
5.169999999999999929e+00 7.990000000000000213e+00 6.110000000000000320e+00
6.110000000000000320e+00 7.990000000000000213e+00 6.110000000000000320e+00
7.050000000000000711e+00 7.990000000000000213e+00 6.110000000000000320e+00
7.990000000000000213e+00 7.990000000000000213e+00 6.110000000000000320e+00
8.929999999999999716e+00 7.990000000000000213e+00 6.110000000000000320e+00
4.700000000000000289e-01 8.929999999999999716e+00 6.110000000000000320e+00
1.410000000000000142e+00 8.929999999999999716e+00 6.110000000000000320e+00
2.350000000000000089e+00 8.929999999999999716e+00 6.110000000000000320e+00
3.290000000000000036e+00 8.929999999999999716e+00 6.110000000000000320e+00
4.230000000000000426e+00 8.929999999999999716e+00 6.110000000000000320e+00
5.169999999999999929e+00 8.929999999999999716e+00 6.110000000000000320e+00
6.110000000000000320e+00 8.929999999999999716e+00 6.110000000000000320e+00
7.050000000000000711e+00 8.929999999999999716e+00 6.110000000000000320e+00
7.990000000000000213e+00 8.929999999999999716e+00 6.110000000000000320e+00
8.929999999999999716e+00 8.929999999999999716e+00 6.110000000000000320e+00
4.700000000000000289e-01 4.700000000000000289e-01 7.050000000000000711e+00
1.410000000000000142e+00 4.700000000000000289e-01 7.050000000000000711e+00
2.350000000000000089e+00 4.700000000000000289e-01 7.050000000000000711e+00
3.290000000000000036e+00 4.700000000000000289e-01 7.050000000000000711e+00
4.230000000000000426e+00 4.700000000000000289e-01 7.050000000000000711e+00
5.169999999999999929e+00 4.700000000000000289e-01 7.050000000000000711e+00
6.110000000000000320e+00 4.700000000000000289e-01 7.050000000000000711e+00
7.050000000000000711e+00 4.700000000000000289e-01 7.050000000000000711e+00
7.990000000000000213e+00 4.700000000000000289e-01 7.050000000000000711e+00
8.929999999999999716e+00 4.700000000000000289e-01 7.050000000000000711e+00
4.700000000000000289e-01 1.410000000000000142e+00 7.050000000000000711e+00
1.410000000000000142e+00 1.410000000000000142e+00 7.050000000000000711e+00
2.350000000000000089e+00 1.410000000000000142e+00 7.050000000000000711e+00
3.290000000000000036e+00 1.410000000000000142e+00 7.050000000000000711e+00
4.230000000000000426e+00 1.410000000000000142e+00 7.050000000000000711e+00
5.169999999999999929e+00 1.410000000000000142e+00 7.050000000000000711e+00
6.110000000000000320e+00 1.410000000000000142e+00 7.050000000000000711e+00
7.050000000000000711e+00 1.410000000000000142e+00 7.050000000000000711e+00
7.990000000000000213e+00 1.410000000000000142e+00 7.050000000000000711e+00
8.929999999999999716e+00 1.410000000000000142e+00 7.050000000000000711e+00
4.700000000000000289e-01 2.350000000000000089e+00 7.050000000000000711e+00
1.410000000000000142e+00 2.350000000000000089e+00 7.050000000000000711e+00
2.350000000000000089e+00 2.350000000000000089e+00 7.050000000000000711e+00
3.290000000000000036e+00 2.350000000000000089e+00 7.050000000000000711e+00
4.230000000000000426e+00 2.350000000000000089e+00 7.050000000000000711e+00
5.169999999999999929e+00 2.350000000000000089e+00 7.050000000000000711e+00
6.110000000000000320e+00 2.350000000000000089e+00 7.050000000000000711e+00
7.050000000000000711e+00 2.350000000000000089e+00 7.050000000000000711e+00
7.990000000000000213e+00 2.350000000000000089e+00 7.050000000000000711e+00
8.929999999999999716e+00 2.350000000000000089e+00 7.050000000000000711e+00
4.700000000000000289e-01 3.290000000000000036e+00 7.050000000000000711e+00
1.410000000000000142e+00 3.290000000000000036e+00 7.050000000000000711e+00
2.350000000000000089e+00 3.290000000000000036e+00 7.050000000000000711e+00
3.290000000000000036e+00 3.290000000000000036e+00 7.050000000000000711e+00
4.230000000000000426e+00 3.290000000000000036e+00 7.050000000000000711e+00
5.169999999999999929e+00 3.290000000000000036e+00 7.050000000000000711e+00
6.110000000000000320e+00 3.290000000000000036e+00 7.050000000000000711e+00
7.050000000000000711e+00 3.290000000000000036e+00 7.050000000000000711e+00
7.990000000000000213e+00 3.290000000000000036e+00 7.050000000000000711e+00
8.929999999999999716e+00 3.290000000000000036e+00 7.050000000000000711e+00
4.700000000000000289e-01 4.230000000000000426e+00 7.050000000000000711e+00
1.410000000000000142e+00 4.230000000000000426e+00 7.050000000000000711e+00
2.350000000000000089e+00 4.230000000000000426e+00 7.050000000000000711e+00
3.290000000000000036e+00 4.230000000000000426e+00 7.050000000000000711e+00
4.230000000000000426e+00 4.230000000000000426e+00 7.050000000000000711e+00
5.169999999999999929e+00 4.230000000000000426e+00 7.050000000000000711e+00
6.110000000000000320e+00 4.230000000000000426e+00 7.050000000000000711e+00
7.050000000000000711e+00 4.230000000000000426e+00 7.050000000000000711e+00
7.990000000000000213e+00 4.230000000000000426e+00 7.050000000000000711e+00
8.929999999999999716e+00 4.230000000000000426e+00 7.050000000000000711e+00
4.700000000000000289e-01 5.169999999999999929e+00 7.050000000000000711e+00
1.410000000000000142e+00 5.169999999999999929e+00 7.050000000000000711e+00
2.350000000000000089e+00 5.169999999999999929e+00 7.050000000000000711e+00
3.290000000000000036e+00 5.169999999999999929e+00 7.050000000000000711e+00
4.230000000000000426e+00 5.169999999999999929e+00 7.050000000000000711e+00
5.169999999999999929e+00 5.169999999999999929e+00 7.050000000000000711e+00
6.110000000000000320e+00 5.169999999999999929e+00 7.050000000000000711e+00
7.050000000000000711e+00 5.169999999999999929e+00 7.050000000000000711e+00
7.990000000000000213e+00 5.169999999999999929e+00 7.050000000000000711e+00
8.929999999999999716e+00 5.169999999999999929e+00 7.050000000000000711e+00
4.700000000000000289e-01 6.110000000000000320e+00 7.050000000000000711e+00
1.410000000000000142e+00 6.110000000000000320e+00 7.050000000000000711e+00
2.350000000000000089e+00 6.110000000000000320e+00 7.050000000000000711e+00
3.290000000000000036e+00 6.110000000000000320e+00 7.050000000000000711e+00
4.230000000000000426e+00 6.110000000000000320e+00 7.050000000000000711e+00
5.169999999999999929e+00 6.110000000000000320e+00 7.050000000000000711e+00
6.110000000000000320e+00 6.110000000000000320e+00 7.050000000000000711e+00
7.050000000000000711e+00 6.110000000000000320e+00 7.050000000000000711e+00
7.990000000000000213e+00 6.110000000000000320e+00 7.050000000000000711e+00
8.929999999999999716e+00 6.110000000000000320e+00 7.050000000000000711e+00
4.700000000000000289e-01 7.050000000000000711e+00 7.050000000000000711e+00
1.410000000000000142e+00 7.050000000000000711e+00 7.050000000000000711e+00
2.350000000000000089e+00 7.050000000000000711e+00 7.050000000000000711e+00
3.290000000000000036e+00 7.050000000000000711e+00 7.050000000000000711e+00
4.230000000000000426e+00 7.050000000000000711e+00 7.050000000000000711e+00
5.169999999999999929e+00 7.050000000000000711e+00 7.050000000000000711e+00
6.110000000000000320e+00 7.050000000000000711e+00 7.050000000000000711e+00
7.050000000000000711e+00 7.050000000000000711e+00 7.050000000000000711e+00
7.990000000000000213e+00 7.050000000000000711e+00 7.050000000000000711e+00
8.929999999999999716e+00 7.050000000000000711e+00 7.050000000000000711e+00
4.700000000000000289e-01 7.990000000000000213e+00 7.050000000000000711e+00
1.410000000000000142e+00 7.990000000000000213e+00 7.050000000000000711e+00
2.350000000000000089e+00 7.990000000000000213e+00 7.050000000000000711e+00
3.290000000000000036e+00 7.990000000000000213e+00 7.050000000000000711e+00
4.230000000000000426e+00 7.990000000000000213e+00 7.050000000000000711e+00
5.169999999999999929e+00 7.990000000000000213e+00 7.050000000000000711e+00
6.110000000000000320e+00 7.990000000000000213e+00 7.050000000000000711e+00
7.050000000000000711e+00 7.990000000000000213e+00 7.050000000000000711e+00
7.990000000000000213e+00 7.990000000000000213e+00 7.050000000000000711e+00
8.929999999999999716e+00 7.990000000000000213e+00 7.050000000000000711e+00
4.700000000000000289e-01 8.929999999999999716e+00 7.050000000000000711e+00
1.410000000000000142e+00 8.929999999999999716e+00 7.050000000000000711e+00
2.350000000000000089e+00 8.929999999999999716e+00 7.050000000000000711e+00
3.290000000000000036e+00 8.929999999999999716e+00 7.050000000000000711e+00
4.230000000000000426e+00 8.929999999999999716e+00 7.050000000000000711e+00
5.169999999999999929e+00 8.929999999999999716e+00 7.050000000000000711e+00
6.110000000000000320e+00 8.929999999999999716e+00 7.050000000000000711e+00
7.050000000000000711e+00 8.929999999999999716e+00 7.050000000000000711e+00
7.990000000000000213e+00 8.929999999999999716e+00 7.050000000000000711e+00
8.929999999999999716e+00 8.929999999999999716e+00 7.050000000000000711e+00
4.700000000000000289e-01 4.700000000000000289e-01 7.990000000000000213e+00
1.410000000000000142e+00 4.700000000000000289e-01 7.990000000000000213e+00
2.350000000000000089e+00 4.700000000000000289e-01 7.990000000000000213e+00
3.290000000000000036e+00 4.700000000000000289e-01 7.990000000000000213e+00
4.230000000000000426e+00 4.700000000000000289e-01 7.990000000000000213e+00
5.169999999999999929e+00 4.700000000000000289e-01 7.990000000000000213e+00
6.110000000000000320e+00 4.700000000000000289e-01 7.990000000000000213e+00
7.050000000000000711e+00 4.700000000000000289e-01 7.990000000000000213e+00
7.990000000000000213e+00 4.700000000000000289e-01 7.990000000000000213e+00
8.929999999999999716e+00 4.700000000000000289e-01 7.990000000000000213e+00
4.700000000000000289e-01 1.410000000000000142e+00 7.990000000000000213e+00
1.410000000000000142e+00 1.410000000000000142e+00 7.990000000000000213e+00
2.350000000000000089e+00 1.410000000000000142e+00 7.990000000000000213e+00
3.290000000000000036e+00 1.410000000000000142e+00 7.990000000000000213e+00
4.230000000000000426e+00 1.410000000000000142e+00 7.990000000000000213e+00
5.169999999999999929e+00 1.410000000000000142e+00 7.990000000000000213e+00
6.110000000000000320e+00 1.410000000000000142e+00 7.990000000000000213e+00
7.050000000000000711e+00 1.410000000000000142e+00 7.990000000000000213e+00
7.990000000000000213e+00 1.410000000000000142e+00 7.990000000000000213e+00
8.929999999999999716e+00 1.410000000000000142e+00 7.990000000000000213e+00
4.700000000000000289e-01 2.350000000000000089e+00 7.990000000000000213e+00
1.410000000000000142e+00 2.350000000000000089e+00 7.990000000000000213e+00
2.350000000000000089e+00 2.350000000000000089e+00 7.990000000000000213e+00
3.290000000000000036e+00 2.350000000000000089e+00 7.990000000000000213e+00
4.230000000000000426e+00 2.350000000000000089e+00 7.990000000000000213e+00
5.169999999999999929e+00 2.350000000000000089e+00 7.990000000000000213e+00
6.110000000000000320e+00 2.350000000000000089e+00 7.990000000000000213e+00
7.050000000000000711e+00 2.350000000000000089e+00 7.990000000000000213e+00
7.990000000000000213e+00 2.350000000000000089e+00 7.990000000000000213e+00
8.929999999999999716e+00 2.350000000000000089e+00 7.990000000000000213e+00
4.700000000000000289e-01 3.290000000000000036e+00 7.990000000000000213e+00
1.410000000000000142e+00 3.290000000000000036e+00 7.990000000000000213e+00
2.350000000000000089e+00 3.290000000000000036e+00 7.990000000000000213e+00
3.290000000000000036e+00 3.290000000000000036e+00 7.990000000000000213e+00
4.230000000000000426e+00 3.290000000000000036e+00 7.990000000000000213e+00
5.169999999999999929e+00 3.290000000000000036e+00 7.990000000000000213e+00
6.110000000000000320e+00 3.290000000000000036e+00 7.990000000000000213e+00
7.050000000000000711e+00 3.290000000000000036e+00 7.990000000000000213e+00
7.990000000000000213e+00 3.290000000000000036e+00 7.990000000000000213e+00
8.929999999999999716e+00 3.290000000000000036e+00 7.990000000000000213e+00
4.700000000000000289e-01 4.230000000000000426e+00 7.990000000000000213e+00
1.410000000000000142e+00 4.230000000000000426e+00 7.990000000000000213e+00
2.350000000000000089e+00 4.230000000000000426e+00 7.990000000000000213e+00
3.290000000000000036e+00 4.230000000000000426e+00 7.990000000000000213e+00
4.230000000000000426e+00 4.230000000000000426e+00 7.990000000000000213e+00
5.169999999999999929e+00 4.230000000000000426e+00 7.990000000000000213e+00
6.110000000000000320e+00 4.230000000000000426e+00 7.990000000000000213e+00
7.050000000000000711e+00 4.230000000000000426e+00 7.990000000000000213e+00
7.990000000000000213e+00 4.230000000000000426e+00 7.990000000000000213e+00
8.929999999999999716e+00 4.230000000000000426e+00 7.990000000000000213e+00
4.700000000000000289e-01 5.169999999999999929e+00 7.990000000000000213e+00
1.410000000000000142e+00 5.169999999999999929e+00 7.990000000000000213e+00
2.350000000000000089e+00 5.169999999999999929e+00 7.990000000000000213e+00
3.290000000000000036e+00 5.169999999999999929e+00 7.990000000000000213e+00
4.230000000000000426e+00 5.169999999999999929e+00 7.990000000000000213e+00
5.169999999999999929e+00 5.169999999999999929e+00 7.990000000000000213e+00
6.110000000000000320e+00 5.169999999999999929e+00 7.990000000000000213e+00
7.050000000000000711e+00 5.169999999999999929e+00 7.990000000000000213e+00
7.990000000000000213e+00 5.169999999999999929e+00 7.990000000000000213e+00
8.929999999999999716e+00 5.169999999999999929e+00 7.990000000000000213e+00
4.700000000000000289e-01 6.110000000000000320e+00 7.990000000000000213e+00
1.410000000000000142e+00 6.110000000000000320e+00 7.990000000000000213e+00
2.350000000000000089e+00 6.110000000000000320e+00 7.990000000000000213e+00
3.290000000000000036e+00 6.110000000000000320e+00 7.990000000000000213e+00
4.230000000000000426e+00 6.110000000000000320e+00 7.990000000000000213e+00
5.169999999999999929e+00 6.110000000000000320e+00 7.990000000000000213e+00
6.110000000000000320e+00 6.110000000000000320e+00 7.990000000000000213e+00
7.050000000000000711e+00 6.110000000000000320e+00 7.990000000000000213e+00
7.990000000000000213e+00 6.110000000000000320e+00 7.990000000000000213e+00
8.929999999999999716e+00 6.110000000000000320e+00 7.990000000000000213e+00
4.700000000000000289e-01 7.050000000000000711e+00 7.990000000000000213e+00
1.410000000000000142e+00 7.050000000000000711e+00 7.990000000000000213e+00
2.350000000000000089e+00 7.050000000000000711e+00 7.990000000000000213e+00
3.290000000000000036e+00 7.050000000000000711e+00 7.990000000000000213e+00
4.230000000000000426e+00 7.050000000000000711e+00 7.990000000000000213e+00
5.169999999999999929e+00 7.050000000000000711e+00 7.990000000000000213e+00
6.110000000000000320e+00 7.050000000000000711e+00 7.990000000000000213e+00
7.050000000000000711e+00 7.050000000000000711e+00 7.990000000000000213e+00
7.990000000000000213e+00 7.050000000000000711e+00 7.990000000000000213e+00
8.929999999999999716e+00 7.050000000000000711e+00 7.990000000000000213e+00
4.700000000000000289e-01 7.990000000000000213e+00 7.990000000000000213e+00
1.410000000000000142e+00 7.990000000000000213e+00 7.990000000000000213e+00
2.350000000000000089e+00 7.990000000000000213e+00 7.990000000000000213e+00
3.290000000000000036e+00 7.990000000000000213e+00 7.990000000000000213e+00
4.230000000000000426e+00 7.990000000000000213e+00 7.990000000000000213e+00
5.169999999999999929e+00 7.990000000000000213e+00 7.990000000000000213e+00
6.110000000000000320e+00 7.990000000000000213e+00 7.990000000000000213e+00
7.050000000000000711e+00 7.990000000000000213e+00 7.990000000000000213e+00
7.990000000000000213e+00 7.990000000000000213e+00 7.990000000000000213e+00
8.929999999999999716e+00 7.990000000000000213e+00 7.990000000000000213e+00
4.700000000000000289e-01 8.929999999999999716e+00 7.990000000000000213e+00
1.410000000000000142e+00 8.929999999999999716e+00 7.990000000000000213e+00
2.350000000000000089e+00 8.929999999999999716e+00 7.990000000000000213e+00
3.290000000000000036e+00 8.929999999999999716e+00 7.990000000000000213e+00
4.230000000000000426e+00 8.929999999999999716e+00 7.990000000000000213e+00
5.169999999999999929e+00 8.929999999999999716e+00 7.990000000000000213e+00
6.110000000000000320e+00 8.929999999999999716e+00 7.990000000000000213e+00
7.050000000000000711e+00 8.929999999999999716e+00 7.990000000000000213e+00
7.990000000000000213e+00 8.929999999999999716e+00 7.990000000000000213e+00
8.929999999999999716e+00 8.929999999999999716e+00 7.990000000000000213e+00
4.700000000000000289e-01 4.700000000000000289e-01 8.929999999999999716e+00
1.410000000000000142e+00 4.700000000000000289e-01 8.929999999999999716e+00
2.350000000000000089e+00 4.700000000000000289e-01 8.929999999999999716e+00
3.290000000000000036e+00 4.700000000000000289e-01 8.929999999999999716e+00
4.230000000000000426e+00 4.700000000000000289e-01 8.929999999999999716e+00
5.169999999999999929e+00 4.700000000000000289e-01 8.929999999999999716e+00
6.110000000000000320e+00 4.700000000000000289e-01 8.929999999999999716e+00
7.050000000000000711e+00 4.700000000000000289e-01 8.929999999999999716e+00
7.990000000000000213e+00 4.700000000000000289e-01 8.929999999999999716e+00
8.929999999999999716e+00 4.700000000000000289e-01 8.929999999999999716e+00
4.700000000000000289e-01 1.410000000000000142e+00 8.929999999999999716e+00
1.410000000000000142e+00 1.410000000000000142e+00 8.929999999999999716e+00
2.350000000000000089e+00 1.410000000000000142e+00 8.929999999999999716e+00
3.290000000000000036e+00 1.410000000000000142e+00 8.929999999999999716e+00
4.230000000000000426e+00 1.410000000000000142e+00 8.929999999999999716e+00
5.169999999999999929e+00 1.410000000000000142e+00 8.929999999999999716e+00
6.110000000000000320e+00 1.410000000000000142e+00 8.929999999999999716e+00
7.050000000000000711e+00 1.410000000000000142e+00 8.929999999999999716e+00
7.990000000000000213e+00 1.410000000000000142e+00 8.929999999999999716e+00
8.929999999999999716e+00 1.410000000000000142e+00 8.929999999999999716e+00
4.700000000000000289e-01 2.350000000000000089e+00 8.929999999999999716e+00
1.410000000000000142e+00 2.350000000000000089e+00 8.929999999999999716e+00
2.350000000000000089e+00 2.350000000000000089e+00 8.929999999999999716e+00
3.290000000000000036e+00 2.350000000000000089e+00 8.929999999999999716e+00
4.230000000000000426e+00 2.350000000000000089e+00 8.929999999999999716e+00
5.169999999999999929e+00 2.350000000000000089e+00 8.929999999999999716e+00
6.110000000000000320e+00 2.350000000000000089e+00 8.929999999999999716e+00
7.050000000000000711e+00 2.350000000000000089e+00 8.929999999999999716e+00
7.990000000000000213e+00 2.350000000000000089e+00 8.929999999999999716e+00
8.929999999999999716e+00 2.350000000000000089e+00 8.929999999999999716e+00
4.700000000000000289e-01 3.290000000000000036e+00 8.929999999999999716e+00
1.410000000000000142e+00 3.290000000000000036e+00 8.929999999999999716e+00
2.350000000000000089e+00 3.290000000000000036e+00 8.929999999999999716e+00
3.290000000000000036e+00 3.290000000000000036e+00 8.929999999999999716e+00
4.230000000000000426e+00 3.290000000000000036e+00 8.929999999999999716e+00
5.169999999999999929e+00 3.290000000000000036e+00 8.929999999999999716e+00
6.110000000000000320e+00 3.290000000000000036e+00 8.929999999999999716e+00
7.050000000000000711e+00 3.290000000000000036e+00 8.929999999999999716e+00
7.990000000000000213e+00 3.290000000000000036e+00 8.929999999999999716e+00
8.929999999999999716e+00 3.290000000000000036e+00 8.929999999999999716e+00
4.700000000000000289e-01 4.230000000000000426e+00 8.929999999999999716e+00
1.410000000000000142e+00 4.230000000000000426e+00 8.929999999999999716e+00
2.350000000000000089e+00 4.230000000000000426e+00 8.929999999999999716e+00
3.290000000000000036e+00 4.230000000000000426e+00 8.929999999999999716e+00
4.230000000000000426e+00 4.230000000000000426e+00 8.929999999999999716e+00
5.169999999999999929e+00 4.230000000000000426e+00 8.929999999999999716e+00
6.110000000000000320e+00 4.230000000000000426e+00 8.929999999999999716e+00
7.050000000000000711e+00 4.230000000000000426e+00 8.929999999999999716e+00
7.990000000000000213e+00 4.230000000000000426e+00 8.929999999999999716e+00
8.929999999999999716e+00 4.230000000000000426e+00 8.929999999999999716e+00
4.700000000000000289e-01 5.169999999999999929e+00 8.929999999999999716e+00
1.410000000000000142e+00 5.169999999999999929e+00 8.929999999999999716e+00
2.350000000000000089e+00 5.169999999999999929e+00 8.929999999999999716e+00
3.290000000000000036e+00 5.169999999999999929e+00 8.929999999999999716e+00
4.230000000000000426e+00 5.169999999999999929e+00 8.929999999999999716e+00
5.169999999999999929e+00 5.169999999999999929e+00 8.929999999999999716e+00
6.110000000000000320e+00 5.169999999999999929e+00 8.929999999999999716e+00
7.050000000000000711e+00 5.169999999999999929e+00 8.929999999999999716e+00
7.990000000000000213e+00 5.169999999999999929e+00 8.929999999999999716e+00
8.929999999999999716e+00 5.169999999999999929e+00 8.929999999999999716e+00
4.700000000000000289e-01 6.110000000000000320e+00 8.929999999999999716e+00
1.410000000000000142e+00 6.110000000000000320e+00 8.929999999999999716e+00
2.350000000000000089e+00 6.110000000000000320e+00 8.929999999999999716e+00
3.290000000000000036e+00 6.110000000000000320e+00 8.929999999999999716e+00
4.230000000000000426e+00 6.110000000000000320e+00 8.929999999999999716e+00
5.169999999999999929e+00 6.110000000000000320e+00 8.929999999999999716e+00
6.110000000000000320e+00 6.110000000000000320e+00 8.929999999999999716e+00
7.050000000000000711e+00 6.110000000000000320e+00 8.929999999999999716e+00
7.990000000000000213e+00 6.110000000000000320e+00 8.929999999999999716e+00
8.929999999999999716e+00 6.110000000000000320e+00 8.929999999999999716e+00
4.700000000000000289e-01 7.050000000000000711e+00 8.929999999999999716e+00
1.410000000000000142e+00 7.050000000000000711e+00 8.929999999999999716e+00
2.350000000000000089e+00 7.050000000000000711e+00 8.929999999999999716e+00
3.290000000000000036e+00 7.050000000000000711e+00 8.929999999999999716e+00
4.230000000000000426e+00 7.050000000000000711e+00 8.929999999999999716e+00
5.169999999999999929e+00 7.050000000000000711e+00 8.929999999999999716e+00
6.110000000000000320e+00 7.050000000000000711e+00 8.929999999999999716e+00
7.050000000000000711e+00 7.050000000000000711e+00 8.929999999999999716e+00
7.990000000000000213e+00 7.050000000000000711e+00 8.929999999999999716e+00
8.929999999999999716e+00 7.050000000000000711e+00 8.929999999999999716e+00
4.700000000000000289e-01 7.990000000000000213e+00 8.929999999999999716e+00
1.410000000000000142e+00 7.990000000000000213e+00 8.929999999999999716e+00
2.350000000000000089e+00 7.990000000000000213e+00 8.929999999999999716e+00
3.290000000000000036e+00 7.990000000000000213e+00 8.929999999999999716e+00
4.230000000000000426e+00 7.990000000000000213e+00 8.929999999999999716e+00
5.169999999999999929e+00 7.990000000000000213e+00 8.929999999999999716e+00
6.110000000000000320e+00 7.990000000000000213e+00 8.929999999999999716e+00
7.050000000000000711e+00 7.990000000000000213e+00 8.929999999999999716e+00
7.990000000000000213e+00 7.990000000000000213e+00 8.929999999999999716e+00
8.929999999999999716e+00 7.990000000000000213e+00 8.929999999999999716e+00
4.700000000000000289e-01 8.929999999999999716e+00 8.929999999999999716e+00
1.410000000000000142e+00 8.929999999999999716e+00 8.929999999999999716e+00
2.350000000000000089e+00 8.929999999999999716e+00 8.929999999999999716e+00
3.290000000000000036e+00 8.929999999999999716e+00 8.929999999999999716e+00
4.230000000000000426e+00 8.929999999999999716e+00 8.929999999999999716e+00
5.169999999999999929e+00 8.929999999999999716e+00 8.929999999999999716e+00
6.110000000000000320e+00 8.929999999999999716e+00 8.929999999999999716e+00
7.050000000000000711e+00 8.929999999999999716e+00 8.929999999999999716e+00
7.990000000000000213e+00 8.929999999999999716e+00 8.929999999999999716e+00
8.929999999999999716e+00 8.929999999999999716e+00 8.929999999999999716e+00
