-4.579770614356763470e-01 -7.303849777743731408e+01 -7.395201501094055629e+01
-5.784224077455546453e-02 -7.380777801242693670e+01 1.103238398943186205e+00
-4.022846099264659192e-01 7.403952586279129378e+01 -7.443459215090102532e+01
-4.314277903678541415e-02 7.378793879865983740e+01 -1.281904873297428971e+00
-2.483211807532447746e-01 2.054480893172162814e-01 7.166401351973615874e+01
1.262065659531359296e+00 -7.312489253517659904e+01 7.226473259830305551e+01
1.457510165408552494e+00 1.047167060166915853e+00 -8.538011240807620306e-01
7.403615701276180516e+01 2.610375741737414046e-01 -1.156844815499774443e-01
-5.933722215499841190e-02 2.877162224905630006e-01 4.086434227192540236e-01
-7.519723765247950098e+01 1.306433732343903031e+00 -1.156844815499704082e-01
-4.950782484480951984e-02 2.215395657851694233e-01 1.189254269414102172e+00
7.390250718609705416e+01 4.266087678353580603e-01 6.152076061492285364e-01
-7.410907760254158916e+01 -5.607133877723735615e-02 7.424421617757519698e+01
-2.049311239635867921e+00 -7.301518797915257153e+01 -7.288144141885027238e+01
-7.319593302329421647e+01 -1.010942194766180635e-01 7.249412595826233030e+01
9.908198007760027348e-01 3.508074149581897894e-01 -1.250465360221626021e+00
-2.479422934839060066e-01 -1.290245522240685450e+00 6.415136002098734691e-01
-5.078637735471935866e-01 7.373347164093087258e+01 3.158898521858615194e-01
5.672009957016536097e-01 -7.513790043032562949e+01 -5.093587549286282545e-01
4.199740344278967696e-01 4.199740344255806224e-01 1.175583501968310851e-01
2.895900911387079280e-01 -9.033089489229487734e-01 -7.463490048819090816e+01
1.273877475098561252e-01 4.169840716635863642e-01 4.184790530433641353e-01
7.286497105511450911e+01 -7.321577223705942572e+01 -1.754005909737842150e-01
-1.323276750335258933e+00 -1.564860231027381143e+00 7.358266489547179390e+01
-7.320903453699887109e+01 1.185885419384859363e+00 7.297766557389942932e+01
-4.811851252297135728e-01 -5.375323846239360437e-01 1.156844815473365706e-01
7.380628303104558086e+01 7.304037164608696742e+01 -7.290335296939124987e+01
-8.834697351550999667e-01 -2.614164614413100329e-01 1.076835671245953030e+00
-7.375180964030278119e+01 -9.793150029400747858e-01 7.437161015809670062e+01
1.983921376786401680e-02 -1.061860288891853576e+00 -6.235482550961890524e-01
7.659113849577371402e-01 7.419995730442468584e+01 7.354973040101275217e+01
1.389838527322049266e+00 -6.963658782228712152e-01 -7.328739238520797228e-01
-1.043901176789027385e+00 5.360374032432486668e-01 -8.534222368123993707e-01
-2.880951097584721343e-01 -7.343751650398436936e+01 7.337283482865916540e+01
7.077932235667379057e-01 1.242232678778517396e+00 -1.262071892545149954e+00
7.324057701672604992e+01 -4.137811005218089422e-02 1.042406195406613056e+00
-9.325986727333189785e-01 -4.068787537342184457e-01 8.406028767390214540e-01
-7.380927299380880413e+01 5.243279042679396262e-01 1.282109574434787236e+00
7.575769690282168067e-01 6.502269034108087986e-01 -7.514089039308765905e+01
-5.330474404785050524e-01 -2.712520917684086985e-01 7.357790403070937657e+01
6.700661171761611579e-01 7.479821892593332677e+01 -1.307928713726308922e+00
-7.396334562264731005e+01 7.230947332537382977e+01 -1.521608252325637345e+00
9.562873582856084020e-01 7.298252940531219224e+01 -8.007197480667400669e-01
5.642110329398686286e-01 -9.829397312937838971e-03 -8.504322740502052724e-01
-4.748263124389063838e-01 3.869303403030338595e-01 1.574414788682982624e-01
-8.469616895287315206e-01 8.538011240784504352e-01 -7.376491115400673948e+01
7.431713676735401464e+01 -7.304037164608752164e+01 1.218922880491821070e+00
-1.364654860387872315e+00 -7.395500497370298376e+01 7.371540332916399052e+01
-7.414538094703007687e+01 9.146333276150040437e-01 1.806831176638140635e-02
7.350686354259465816e+01 5.759142988998431356e-01 -1.278536023266885202e+00
7.322261167160766604e+01 -7.519761653974896376e+01 7.240671807306161156e+01
2.895900911400151045e-01 1.570563585864842016e-01 1.609125337191980476e+00
9.691067183587868117e-01 -7.263172822336728984e+01 -1.422118213893858174e+00
-7.388604305537512573e+01 -7.144279569765140669e-01 -3.771009429934025770e-01
-6.954550673673248751e-02 7.415521034434203784e+01 9.237468326241218830e-02
1.574414788706214319e-01 -4.863831410690681867e-03 4.466526827399920907e-01
-4.748263124379173417e-01 1.472269612768407065e-01 -3.407975985059215063e-01
5.784224077334578634e-02 -7.441128235261582802e+01 -3.424667660154082638e-01
-3.771009429920821887e-01 -8.552961054595765722e-01 -1.056996457481494511e+00
-1.377756374090427283e+00 7.374357695886058650e+01 -1.824402823821651420e+00
-3.192587022177768574e-01 1.728557556037443543e+00 -1.940087305370335802e+00
1.754005909724580814e-01 -8.849647165392710013e-01 -9.383220131671861086e-01
-7.294265250965462144e+01 -7.289314468481070719e+01 7.331648756926597343e+01
7.541728223688534172e+01 6.220532737137707269e-01 -7.377377552637480740e-01
3.196375894850981836e-01 -9.082745148232100885e-01 -7.449899790560675683e+01
-7.531142715264817866e+01 -7.095641255658294844e-01 -5.938796440184535008e-01
-8.054093933487134205e-01 7.299086382124303896e+01 7.377960438272899069e+01
4.865295783983299982e-01 7.295286079423448200e+01 -1.371115407670566944e+00
7.406732060522163863e+01 -7.095641255658211577e-01 7.307153523854427135e+01
1.438581112439789866e-01 7.955799960367657686e-01 -3.669956250631497552e-01
1.739056095900404497e-01 1.543526035878512115e+00 -5.644869535577301534e-01
-3.154247972739958328e-02 -7.331349760650584813e+01 -6.069749247096262179e-01
4.184790530446897416e-01 1.233898262846244709e+00 -1.169690976267962812e+00
-2.449523307212530532e-01 1.487219426559737157e-01 -1.143012327952453777e+00
-7.580758589165194350e-02 -7.438508432605827636e+01 -4.601268507021260001e-01
7.317946889257248699e+01 -2.730229937679337082e-01 -4.912904431609542710e-01
-7.380628303104583665e+01 -2.763918437974971498e-01 -9.050081461429110297e-02
7.955799960357670120e-01 -1.022103135901612503e-01 -2.914639597894724266e-01
-7.349872759479025319e+01 5.938796440161617785e-01 -1.118207548286401343e+00
2.812556752112811420e-01 -7.306667140713469166e+01 -1.174175920411261620e+00
-3.042895528784420600e-01 7.309484503683127343e+01 -3.275931181498947797e-01
5.078637735459878844e-01 7.317739032278305444e+01 -1.987103892587215870e-01
-1.739056095913494304e-01 -9.131383462348925395e-01 -1.308204634344611428e+00
-2.614164614429724254e-01 -1.025832865021345075e+00 7.255741561885662350e+01
-2.497131954829959199e-01 -1.778263849007395869e+00 -1.855945303548842684e+00
7.302240630097119833e+01 7.351818792128764812e+01 -1.143012327952437346e+00
-9.413119759314870771e-01 -1.144507309330132117e+00 2.041175291831943905e+00
-1.306433732343112553e+00 -1.004018048115434381e+00 -1.783967867460670709e-01
-7.265840063867027254e+01 5.143243208275878331e-01 -1.027327846403788492e+00
-4.005137079262846012e-01 -1.169415055649644319e+00 -9.874509507457427393e-01
7.420471816918558261e+01 8.115203905925963412e-02 2.181707157548367360e-01
-7.395500497370252901e+01 -5.111296569267282930e-01 -7.149854529272909076e+01
-7.472925077459288445e+01 -7.542081189955485154e-01 -7.988458794173082245e-01
-7.659113849586207667e-01 -2.068401040461805562e-01 7.207275990910676455e+01
7.383296167936109100e+01 -9.112644775833429467e-01 7.149347676017538333e+01
1.933659360874708244e-01 -7.383445666074220526e+01 -3.075554362542405329e-01
-7.380777801242669511e+01 -7.278916346922230218e+01 -1.147876159364109139e+00
3.935713067263039155e-01 -7.281733709891892659e+01 -6.798955144894314184e-01
1.288827288911853497e-01 7.474908998835923057e+01 -9.724755683916519455e-01
7.417674924062890796e+01 -8.256274943807514477e-01 7.376014405623156733e+01
7.110591069456246860e-01 1.682418581223196874e+00 7.439332324051321166e+01
-3.489273132956928758e-01 1.000649198085639568e+00 -3.012995901151553912e-01
-1.640667816917043886e+00 9.112644775841297617e-01 7.366905965321028305e+01
7.334166500318839610e+01 -7.421128168311756212e+01 7.392196751259447751e+01
-5.240582166654024210e-01 -3.116359246013544054e-02 6.948646638308271228e-01
7.644164035779367206e-01 -7.374844079027225519e+01 -7.377377552603443522e-01
-7.284513184134831931e+01 1.855566416277858455e+00 -5.623371642902282863e-01
-9.079985942072203997e-01 5.659819349362041896e-01 -2.812556752094348966e-01
-8.849647165382896752e-01 9.214727621644318578e-01 -4.349431837664214928e-01
3.339581639569486615e-01 -7.297916055528187940e+01 -1.128043178610778074e+00
2.298739817149192399e-01 9.136032363934049050e-02 -1.100248436182482248e+00
-5.608421829090777244e-01 3.741109802296418430e-01 2.367196492792107421e-01
-1.488090169459091117e+00 8.815958665074992151e-01 -7.374844079027167254e+01
7.315792999628510529e+01 4.067695540695803746e-01 -7.338780397800132960e+01
3.024156842276700674e-01 1.713582173685417764e+00 -7.414895449819854889e+01
-7.232931253913959324e+01 -7.417563314651556539e+01 -5.360374032430375024e-01
8.480777836424930882e-01 2.119148696131769039e-01 -5.634725939345851947e-02
-8.334812885577305153e-01 -9.214789951794326583e-01 4.500215327716529101e-01
-2.480477966604022200e-02 7.487648396888198477e+01 -5.148342798179594837e-02
5.657060143226348981e-01 -1.570625916014974921e-01 -5.189834510995401384e-01
8.154192098012278400e-01 7.301070303500924297e+01 7.382761722619270017e+01
9.841850673650203163e-01 -5.623371642899736012e-01 -3.012995901151382383e-01
-1.669220333881994645e+00 2.614164614434030809e-01 1.306812619613324511e+00
7.298103442393153273e+01 7.525657487463651307e+01 -7.332659288719642632e+01
-9.281137285889966559e-01 -8.751085185305072789e-02 6.798955144881217993e-01
-7.306854527578315128e+01 2.065704164447805247e-01 7.386412527182014287e+01
-3.368850030563190490e-03 -9.101483834726713518e-01 5.059899048965359469e-01
7.407068945525119830e+01 -1.002144179468068774e+00 -7.408389393560766223e+01
-1.312054106129805442e+00 -4.334482023862883393e-01 -7.722701977497329340e-01
-7.496736367076327667e+01 7.306854527578357761e+01 -6.517218847917192193e-01
8.004438274482307270e-01 8.567910868421046988e-01 -2.332428317467962753e-01
-7.325378149708147646e+01 -1.035078673924565651e+00 -5.258228856492406234e-01
7.370407895047034685e+01 -6.171894423016545117e-01 -4.451577013604105515e-01
-6.681860155132139933e-01 2.002053706389351762e-01 4.679806448747242387e-01
-7.407068945525220727e+01 -7.403289112938261951e+01 7.300733418497847538e+01
8.202830412152191109e-01 5.608421829092933297e-01 -1.278638989917155522e+00
-4.796901438495906334e-01 1.186744443113315339e-01 -7.432397620190417342e+01
-7.917643592220674487e-02 5.360374032432522196e-01 7.576593362956361943e+01
7.447419312594279006e+01 -7.415371536295994304e+01 -3.689712282014078748e-01
8.751085185205503825e-02 -4.451514683457156174e-01 -1.141895001654538860e-01
1.320448035468863024e-02 -7.200483307631295737e-01 -1.018614543203283151e+00
1.865780933872728697e+00 7.206640109631507585e+01 -7.838767300755993261e-01
8.432077192173268454e-01 -1.310078502993737626e+00 7.425630456381767885e+01
8.452088909027326291e-02 -7.383296167936209997e+01 -1.275270139886571563e+00
5.784224077334776393e-02 1.464151131830823571e+00 7.264669737270813243e+01
5.390273660060285188e-01 6.118387561189874146e-01 7.331825847126538065e+01
-2.366116817773664394e-01 6.867349490368330756e-01 3.305893139240579370e-01
1.873868648470396192e-03 3.474323319133697519e-01 -7.490914254272215089e+01
-6.776427585702977652e-01 5.657060143195421498e-01 -4.581512475629616055e-01
-2.491203057615193117e+00 -7.420284430053611402e+01 7.357640904932955550e+01
-1.132907010020107741e+00 3.226275522480954727e-01 4.946592931922883518e-01
-7.383744662350542853e+01 7.329692427611928451e+01 8.154192098025432323e-01
-7.187415125433949470e+01 7.404936149311880911e+01 -7.471455754586922637e+01
1.521614485338233180e+00 -3.126239688069809564e-01 1.901000527093495984e-01
-3.368850031562932446e-03 3.771009429930720636e-01 -2.614164614436252365e-01
-4.136152216320252428e-01 8.601587047193381963e-02 -5.657060143207565117e-01
-7.110591069469314185e-01 7.407106834252056160e+01 -5.938796440173639279e-01
-2.002053706394933963e-01 -8.237536257323915256e-01 7.417327865610894833e+01
-6.005143774269267043e-01 7.321240338702942552e+01 -9.394381072822750589e-01
7.354160068622401525e+01 7.313601221273046349e+01 -9.349531631389249586e-01
-7.495415919040863173e+01 -7.305208114506145023e+01 -9.592773210480488588e-01
7.479672394455245410e+01 -7.173842285788468587e+01 -5.077608068948546993e-01
1.708718342271645874e+00 1.563365249645713551e+00 -9.856800487442560765e-01
-7.362265099079364461e+01 9.622415505123707580e-02 4.068725207209196171e-01
5.933722215445481896e-02 -2.817362969660976157e-02 -7.397980975336902532e+01
7.379430384446818891e+01 -4.353220710347650013e-01 5.093587549270998105e-01
-1.304938750964091509e+00 -2.997602166487922659e-15 -1.871038569338078772e-01
6.992439400405836558e-02 -7.992247666843257381e-01 -2.763918437977164744e-01
7.403914697552507107e+01 -5.093587549273204118e-01 4.796901438516946170e-01
-2.667864831341645176e-02 2.817362969660763133e-02 -3.920763253461241327e-01
7.722701977505289639e-01 1.544816316119673960e+00 7.334615618034499107e+01
-1.768955723537964653e-01 2.146657721812805342e+00 -1.255706846737785432e+00
-3.027945714960216250e-01 -7.473561582039968698e+01 -1.450567764207679744e+00
8.771109223648183573e-01 7.355507485418245039e+01 -1.111469848224179824e+00
6.254221237433468250e-01 -6.534927867905786503e-01 3.057845342580337022e-01
-2.332266597365553196e+00 -2.049662353998141229e-01 2.050692020499562396e-01
-1.594528842104104616e+00 -7.611187098009762053e+01 5.789042616630494242e-01
1.485203173347245276e+00 7.413687234496987344e+01 -7.375966220231339321e+01
4.996310921039565645e-01 -7.386263029043981021e+01 8.910879988431485987e-02
1.468480740095974846e-01 -7.272587380863008377e+01 -1.591159992073760687e+00
1.247096510188443252e+00 -9.209921404088019514e-01 -9.112644775856484358e-01
-6.696872299080312008e-01 -7.662902722273901013e-01 -6.054799433274020704e-01
7.267524988967328170e+01 -1.432326498474166598e+00 7.222682630493368094e+01
-1.438581112462842815e-01 9.577823396667176636e-01 6.007190785668727884e-01
-7.358800934864039789e+01 7.199320458591927263e+01 -6.750316830766311949e-01
-1.292113157875443008e+00 7.254122117574050321e+01 3.027945714958189538e-01
7.392196751259426435e+01 1.983921376578001716e-02 1.787694410030240544e-01
7.110591069459543112e-01 2.989962763207287821e-03 5.405223473882470042e-01
-7.425630456381843203e+01 -4.049986520717013816e-01 -3.752270743428374189e-01
-7.291435676421570422e-02 7.349627013773248052e+01 7.299235880262439480e+01
-7.363237742145447839e+01 -3.888104419648822363e-01 -7.477576863667414386e+01
-3.177637208368498389e-01 -1.754005909703709176e-01 -7.456385376706074908e+01
7.314792641284476815e+01 4.218479030773508165e-01 7.271923907521957631e+01
6.798955144867924183e-01 -6.220532737127655309e-01 -1.720317409418842258e-01
-3.368850030791695205e-03 9.428069573126187652e-01 7.266177572171437760e+01
1.720317409416787235e-01 -1.273775158506233574e+00 1.331617399279588554e+00
-7.321962170884651755e+01 1.710213323654878437e+00 7.446286874724899008e+01
7.674063663391668122e-01 -7.292767712729897767e+01 -2.017003520198207278e-01
7.389080392013639198e+01 -7.254170250935548792e-02 -8.207636629713550569e-01
7.634511381184339029e+01 -2.817362969791823574e-02 1.173059826297209174e+00
-3.824516291731989703e-01 -7.369059854949689736e+01 6.547118475557774930e-01
-6.997347282538844970e-01 8.237536257320647870e-01 -5.933722215548270507e-02
-2.817362969683158413e-02 5.784224077332444924e-02 -2.017003520196319899e-01
-5.638321456724134650e-01 -7.618024014451886539e-02 -1.930257908054977545e+00
-7.438518729270963092e+01 8.124230140255197519e-01 -7.153484863721601528e+01
4.551612848015199053e-01 1.880474162595271004e+00 -7.268957046414203660e+01
5.608359498953774391e-01 -7.323842722745887102e+01 -5.100280622464387070e-02
7.442983128614045540e+01 1.000270310817291897e+00 7.372026716057507656e+01
-2.035742206690637213e-01 3.192587022181631595e-01 -3.519172760555897561e-01
1.735267223230592126e-01 -7.358474346526043064e+01 -1.468480740075356339e-01
7.644164035766314313e-01 8.751085185205131900e-02 -6.250432364759970216e-01
5.063687921648813983e-01 7.689013477210500103e-01 -1.933659360887953482e-01
-7.614264408157153108e-01 -7.296269019154686930e+01 1.705367595607808762e-01
-5.791801822796092125e-01 -7.312788249793904072e+01 1.397589354844792853e+00
-5.971610942478422501e-02 2.697508773740304733e-01 -7.215540692954868973e+01
9.724755683913306470e-01 7.457032054735539361e+01 1.423992082543309667e+00
6.502269034103806966e-01 -6.450871513819385061e-01 -6.250432364759795911e-01
-5.657060143215250081e-01 7.281130590902212818e-01 -7.377377552624391210e-01
-5.935007567488126412e-01 -7.416542486193529271e+01 -2.050692020501915513e-01
-3.339581639527732237e-01 6.103500077521346601e-01 7.412703671464487343e+01
5.243341372814096513e-01 7.525844874328653589e+01 9.991542167058458102e-01
-7.351669293990600806e+01 -3.192587022177440503e-01 5.971610942379820125e-02
-3.884253216851394352e-01 -5.971610942379395465e-02 4.349431837664123335e-01
-1.672210296643795280e+00 -8.516513348130148042e-01 1.728557556037443543e+00
7.395350999232141476e+01 7.423309650002155990e+01 -7.285663663918366240e+01
-7.281139011395015848e-02 7.917643592121365037e-02 -5.968696067772900626e-01
-7.431564178597292880e+01 -7.422226994057694593e-01 7.403765199414335996e+01
-6.839434550709289073e-03 7.392495747535691919e+01 -2.966861107772594125e-02
1.668919889132339240e-01 -6.912198931811552871e-01 -7.389379388289808048e+01
7.425443069516904870e+01 -4.517924347699629473e-01 8.286174571450677373e-01
1.009368734298315751e+00 -1.883740045975772937e+00 -7.383782551077318601e+01
1.708718342271444035e+00 -1.958431537753240415e+00 2.480477966605820761e-02
-3.211388038806846090e-01 7.331499258788637974e+01 5.044949235156370726e-01
7.328532397680865529e+01 -1.042027308139142017e+00 -7.365756108838905902e+01
8.582860682227786420e-01 -2.347378131268995360e-01 7.268994935141100200e+01
-7.314772171170433523e+01 -1.288889619046593715e-01 8.900583323316949014e-02
7.516222458823429520e+01 5.345424218621375179e-01 -4.035036706906011128e-01
1.449175749477494612e+00 -1.983298075020111656e-02 7.130347100849759867e-01
-7.531441711541137352e+01 -7.407277180242284320e-01 5.657060143205288050e-01
-1.642746386704366124e+00 7.351968290266822237e+01 -7.341747258907903984e+01
-1.390954621434982830e+00 1.171794629284775291e-01 3.653976770306924804e-01
1.341242095451580019e+00 7.270613756151469431e+01 7.438695819470714810e+01
-1.457319798960503288e-01 -9.323419229001694841e-02 7.320229806910053583e+01
-5.573715983896929682e-01 9.890488987759213924e-01 3.130028560763339351e-01
-1.854071434897053949e+00 -9.428069573126345304e-01 -3.903054233459969380e-01
2.530820455115785905e-01 -3.474323319156714662e-01 -7.285176657475695094e+01
-7.494602947561753581e+01 1.171794629287887801e-01 2.966861107772304773e-02
-7.377377552634193369e-01 -1.438581112453078958e-01 -6.052040227102031267e-01
7.445623401383996054e+01 -1.108206501379795372e-01 7.401968664902706507e+01
2.599214800620797128e-01 4.451577013591992982e-01 -4.154890902803775043e-01
7.339801849559358971e+01 -7.467992336889081173e+01 -7.437685287677824419e+01
7.244798698345150001e+01 7.525059494911207025e+01 6.103437747409792280e-01
-7.192553294783246542e+01 -7.591017062807699745e+01 8.751708486554060640e-02
7.725461183692505784e-01 4.181001657773382729e-01 -7.362427738813259737e-01
-2.182736824071817572e-01 -7.316626441221549726e+01 -4.532874161510633271e-01
2.829553577312363122e-01 -7.353016710786505428e+01 -1.983315019890428965e-01
7.408538891698835016e+01 -3.672715456791432187e-01 1.687658575627054014e-01
2.415834806911152377e-01 6.730560799393596749e-01 -7.398130473474860480e+01
-7.533960078234576940e+01 -1.032191677813154129e+00 -7.703963291023832038e-01
-1.387585771402380708e+00 -3.489273132954440748e-01 6.942160889568782522e-01
-8.256274943828740831e-01 7.559417780923848795e+01 7.472390632142425204e+01
3.211325708672120860e-01 -6.679163279076221205e-01 2.817362969869684208e-02
-7.257725483262393595e+01 3.004749834606951220e-02 -1.606238341078999987e+00
1.988100148831836833e+00 -4.547823975321875212e-01 7.354636155098373251e+01
6.502269034093901556e-01 -6.318669394294529340e-02 -8.335830230453173950e-01
-1.594528842103116073e+00 -6.634251507528972081e-01 1.420872092471834325e-01
-1.559996399614706153e+00 7.356105477970692164e+01 -7.516906402278443977e+01
-2.512081768640997970e-01 -7.524486537566117761e+01 7.399301423372503450e+01
7.431265182321166662e+01 -1.972154078762789475e-01 -7.294033393316017300e-01
1.212564067699356540e+00 -2.009639045118457368e+00 1.085170087178858322e+00
1.111469848223947121e+00 -1.438581112453178878e-01 -7.162124339495584024e+01
-7.549019659365163193e+01 -7.314792641284533659e+01 -1.652749970146800695e+00
-1.885988383149808656e-01 7.440999207237466351e+01 7.268807548276096497e+01
2.118856746372475452e+00 7.247653950041541293e+01 -1.653866064259568613e+00
1.272273944109663102e+00 -1.171185957648723797e+00 -4.236188050733563082e-01
7.232743867049113362e+01 -8.782270164781402766e-01 -4.496426455035319458e-01
7.249620452805382342e+01 -1.677175862544476148e+00 1.029201715051937249e+00
-7.358800934864039789e+01 -6.135446716555220670e-01 -1.326856534519291975e+00
-8.091633636611132996e-01 1.070200937835186883e+00 7.362789247731134878e+01
7.463191052542944703e+01 5.923784296225356183e-01 -8.523061426983462585e-01
-7.266466271782445574e+01 -7.451088159071211692e+01 -6.948708968422010468e-01
7.295098692558524078e+01 1.922498419760229893e-01 -1.031812790545770575e+00
3.207536835988545332e-01 -3.954451753767415090e-01 -8.788973911831729491e-02
1.340287139333615207e-01 7.457667936014817656e+01 2.873064865369688192e+00
-7.262039761166172980e+01 -1.554645713432603937e+00 6.535957534409458924e-01
7.263686797539693885e+01 -1.448796862209376313e+00 3.737320929615342568e-01
-4.912904431592042820e-01 7.328739238511792209e-01 -2.351229334076385125e-01
-7.281338466048217128e+01 4.634957007313714739e-01 -1.322515789217539872e-01
7.390876926525271529e+01 9.247641775232698369e-02 -1.010863715680728303e+00
-7.329991423888091617e+01 3.707421301992941953e-01 -6.784005331070026568e-01
-7.260682047705012110e+01 7.479859781320273271e+01 2.944601555652218150e-01
7.300049475042874292e+01 -7.591055253992418095e-02 -1.145683874358889576e-01
-7.486327948852576242e+01 -1.508512971634460964e+00 7.144279569795909390e-01
-7.341410373904807329e+01 1.275270139886419685e+00 -7.332958284995865483e+01
1.055501476098075653e+00 -4.481476641203312461e-01 -7.220876422617969581e+01
7.418786891818197660e+01 -3.303746110619526499e-02 1.730052537418555580e+00
-6.103500077519218303e-01 -1.442369985146172151e-01 4.649969151280485269e-01
-7.388396448558668794e+01 9.394381072841428981e-01 -5.345424218617020884e-01
7.304700637949727593e+01 7.486814331993846849e+01 3.988312867153750302e-02
7.110591069469285319e-01 4.796901438482848445e-01 -2.944539225495888535e-01
8.267435884942928581e-01 1.496914933929544000e-02 -7.421791641652701799e+01
-5.273178670303713123e-01 1.987103892560825869e-01 -2.817362969620962332e-02
-8.636367544048846323e-01 5.937766773644786999e-01 -7.418824780544930775e+01
1.087043955826679564e+00 6.546088809010401910e-01 8.830908478888424007e-01
7.080691441837208000e-01 7.644164035766185528e-01 5.656030476695967923e-01
-8.469616895287348513e-01 -7.374806190300314768e+01 -1.405922278656663027e-01
7.425480958243636564e+01 1.316263129655844244e+00 7.432397620190417342e+01
-1.768955723548809589e-01 -1.023478374614956721e+00 -7.445838380310432569e+01
-7.492598556071274629e+01 1.024800011913604147e-01 -3.116359245882072138e-02
6.463774316249570884e-01 7.541877721826492120e+01 6.052040227106172399e-01
-7.440464761920631531e+01 2.535626672692830597e-01 4.811851252311145077e-01
-3.956498765169119691e-01 4.616218320816984910e-01 7.379644740072058084e+01
2.415834806911228150e-01 1.233892029833529413e+00 7.377960438273052546e+01
5.968696067798137106e-01 1.217427899111812373e+00 -5.123487176891029504e-01
1.175583501971385336e-01 -4.199740344260215474e-01 -1.390972464845426360e-01
-6.250432364750004854e-01 -9.677147036302544691e-01 3.374287484744358245e-01
-5.923846626360409484e-01 7.490427871131025483e+01 -7.689013477208330727e-01
3.111289874258674759e-01 -7.449750915724069955e+01 -8.271224757635229352e-01
7.463789045095383301e+01 1.632916989394279428e+00 -2.895900911395993260e-01
-2.167787010246410295e-01 3.177637208366327348e-01 -9.457969200727374126e-01
3.903054233467659895e-01 4.632197801143863591e-01 -7.389566775154708012e+01
5.920057753674793366e-01 5.492356505853336346e-01 -2.362327945085717917e-01
9.237468326373871053e-02 6.832643645186637915e-01 -1.000649198086526193e+00
-7.689013477208411773e-01 -2.667864831550174204e-02 -5.558766170081513858e-01
-6.448824502427501493e-01 -7.970749774178793601e-01 7.521707686624684186e+01
7.460523187711392268e+01 -3.474323319143601818e-01 -7.414024119500044208e+01
2.862212411081355712e-01 -7.315605612763522458e+01 -5.686959770827411109e-01
-7.403615701276282834e+01 -4.613459114649248738e-01 7.437497900812880403e+01
2.249084158159594948e-01 3.437875612668021552e-01 -5.653271270517554736e-01
-3.921792919954503187e-01 -7.418300508676975369e+01 6.318826710261487012e-01
-3.012995901162223711e-01 7.280862379572128873e+01 1.500178555702766925e+00
8.849647165380619684e-01 7.274928657356583983e+01 3.936680403655921090e-01
4.184790530446905743e-01 -1.535191619948227615e+00 1.984344686408441860e-01
-1.113722604141315076e+00 -1.118207548284644748e+00 -6.767163808584647500e-02
-2.065641834322880510e-01 -9.428069573121833358e-01 -7.416691984331592380e+01
6.403912730859351310e-01 3.057845342586796855e-01 1.667070544615992356e+00
-3.339581639548608871e-01 -7.383108781071163662e+01 8.567910868421108050e-01
-2.910850725221176827e-01 2.464473121032322578e-01 -7.472091635866159720e+01
4.233428844563746907e-01 7.327174060918432019e+01 -1.355236953140083189e-01
-1.205483129582538004e-01 -1.996537531413163258e+00 8.499516522923826756e-01
4.101384041003662828e-01 4.715604290584879954e-01 1.423631298662819678e-01
1.056996457480179785e+00 1.487219426559655000e-01 -4.481476641203158140e-01
-7.399985366827476696e+01 -9.178992109962107460e-01 -7.457518437876684914e+01
-9.293265563391989170e-01 -2.793818065607278633e-01 7.423112089688352455e+01
1.171794629287884471e-01 -2.817362969759634739e-02 -1.918709547076582478e-01
1.567850193789595226e+00 -6.121109080589886425e-02 -7.415670532572215734e+01
1.920756558476190978e-01 -5.755354116334798764e-01 3.241225336298531601e-01
7.324544084813668121e+01 -3.672715456811199708e-01 1.604314416322784875e-01
-6.254221237422463719e-01 -3.444423691521243946e-01 5.540027483612157688e-01
-2.200445844042270838e-01 -3.455584632658881272e-01 -7.377960438273009913e+01
-2.259455207252910380e+00 2.746209417994352475e-01 1.381118991110031224e+00
6.205582923324296507e-01 -1.096500698883312586e+00 1.106883169592037142e+00
2.042676506226521305e+00 7.361291709495779401e+01 5.176931708585763570e-01
2.324850572105432445e-01 7.433397978534507899e+01 -1.321409114698849141e+00
5.326685532112584998e-01 9.131383462358916292e-01 7.328382899542756945e+01
3.774798302614188472e-01 2.069430707006353898e-01 -1.245601528808207403e+00
-1.038658458109004368e+00 -8.762514133381069659e-01 7.440165765644431417e+01
-1.118207548286065611e+00 7.357790403071146557e+01 -7.486130388538769864e+01
7.227686059218267900e-01 -7.590719504092985348e-01 -2.460684248340200275e-01
-1.123156315160145358e-01 -5.447339074278267912e-02 1.243727660159625881e+00
-6.784005331079819845e-01 -1.025453977750904855e+00 -7.399815398575216818e+01
8.751085185074305994e-02 -9.808162173346115509e-01 5.875145982108777032e-01
7.396820945405956138e+01 2.035742206677639832e-01 4.466526827434218472e-01
3.969401567578503820e-01 -1.306812619612552240e+00 5.224540356184897982e-01
-7.426463897974929296e+01 1.498801083243961330e-15 -2.067860173160476212e+00
-7.377377552614481360e-01 -5.093587549273190795e-01 7.342581323802340876e+01
7.388454807399401147e+01 7.377848828861732500e+01 -3.956498765162673181e-01
-3.474323319139275279e-01 -1.227533217038874636e+00 5.379112718943472871e-01
2.119148696138493659e-01 5.933722215643561643e-02 -5.627160515562353860e-01
8.714905485788428940e-01 -6.200776705757207186e-01 -7.374367992551094630e+01
3.154247972586807919e-02 -7.413874621362033679e+01 -7.387396090214537026e+01
7.354823541963295952e+01 -7.290998770280174313e+01 9.914033891837532586e-01
7.460346097511481389e+01 -7.289501855346057368e+01 -7.179477011727888680e+01
-7.269144433279109307e+01 -1.452165712239960049e+00 -3.621317936510356494e-01
1.564860231025395398e+00 -3.177637208376239419e-01 7.354187660684041816e+01
7.360121382899640707e+01 2.829553577292545641e-01 -5.540027483587102175e-01
-2.761159231807360781e-01 -5.029999421335431542e-01 7.190569373406728459e+01
-1.156844815486925970e-01 7.362427738813017708e-01 9.661167555980009203e-01
5.938796440175919678e-01 -1.750217037051093327e-01 7.095641255658281521e-01
-7.434232043428728787e+01 7.502221594877650546e+01 1.688885361519790518e+00
-7.328671599153823024e+01 3.158960852006684750e-01 7.504851570982413023e+01
7.306705029440225019e+01 3.995512322517321691e-01 -2.415834806906592691e-01
7.161988589745998945e-01 1.591159992072547880e+00 7.386412527182093868e+01
-1.438581112462616329e-01 -1.325337325532271182e-01 1.141895001675573562e-01
-7.290335296939198884e+01 6.083220353655521828e-02 -1.919739213585694992e-01
-1.333491267928053725e+00 7.466606408065044320e+01 7.989488460677922621e-01
7.428148823075186158e+01 -7.446099487860027466e+01 -7.258885513193357042e+01
-1.871100899452476929e-01 -7.525695376190540742e+01 9.893248193939043755e-01
-8.289963444134076376e-01 -7.408239272121359420e+01 8.786059037459539311e-01
1.119702529665215440e+00 -1.061860288892835014e+00 7.395014114229189772e+01
1.421002119779799511e+00 8.019388088316450336e-01 -2.152837196435025136e-01
-1.356801066214202489e+00 7.955799960388656444e-01 7.475096385700811652e+01
-8.781190489750715367e-01 -7.310654830279057137e+01 -7.320406897109761246e+01
1.751585200692333810e+00 -7.298103442392996953e+01 1.339747114070930945e+00
7.547848709467629646e+01 7.674063663422544534e-01 7.376347886115371955e-01
-9.087970188218962020e-02 2.317478503646989152e-01 -3.177637208345282516e-01
-7.513640544894406048e+01 1.651923063942566383e-01 -7.377126996679925242e+01
5.262080059298811507e-01 -6.308495945430281360e-02 6.517218847919443725e-01
-8.849647165382854563e-01 -3.704662095802190858e-01 4.067695540702520041e-01
1.453530926284773983e-01 -7.364238100489345129e+01 6.700661171761634893e-01
3.376029346010920862e-01 6.088550263699430420e-01 -6.780216458396803869e-01
-7.876244673745005365e-01 -1.604314416318874947e-01 -3.984351381399771075e-01
7.490952142999049101e+01 7.477688473078538323e+01 -7.095641255668436731e-01
-8.302590770664486364e-02 6.220532737127776324e-01 -9.379431258988657483e-01
-7.426443427860934321e+01 -1.355236953157654134e-01 -4.019057226591392640e-01
7.297082613935181428e+01 3.368850029259795598e-03 -1.078330652628092690e+00
-1.300453806820324854e+00 1.331617399280592640e+00 1.331617399279604319e+00
6.521007720598108737e-01 1.022040805743707481e-01 -7.451921600664297785e+01
-4.203529216931537471e-01 -1.187759288034527794e+00 2.535840818037705446e+00
-7.395313110505196619e+01 -7.428298321213321742e+01 7.435513979436254317e+01
7.490465136556379377e+01 2.907061852525619217e-01 7.553166527267179964e-02
-1.482314945074601598e+00 8.549172181922093383e-01 3.906843106164256119e-01
1.438581112473655832e-01 1.147876159363239612e+00 -2.003083372898577519e-01
-7.432696616466594719e+01 -7.490952142999049101e+01 -8.815958665087392232e-01
8.254528595080032338e-02 7.436712521395467945e+01 -1.136172893402402906e+00
-4.368170524148833334e-01 1.720317409416709520e-01 7.352839620586694025e+01
-1.472269612758448365e-01 -7.405273034314883773e+01 -5.920057753686998048e-01
6.358812791804883957e-03 7.550003222397685931e+01 1.901000527085635605e-01
-1.190533315792396962e-01 -7.479046809841125310e+01 -5.674769163196562438e-01
9.511413732455529235e-01 5.243341372811920476e-01 -7.560550218793252952e+01
8.601587046963687921e-02 3.936742733786385839e-01 -7.742458008908772449e-01
-7.144279569777183259e-01 -7.421155760373470400e+01 -7.989488460683260573e-01
-1.796534511632230657e-02 -7.406769949248941032e+01 -1.508512971634153210e+00
7.463639546957219295e+01 3.042895528771275560e-01 7.346034568051231872e+01
-6.201794050653002266e-01 7.518403940513853456e+01 -7.280413885157850018e+01
-7.442149687020960869e+01 7.095641255658220459e-01 -6.617665670617312035e-02
7.403268642824266976e+01 5.407982680031329092e-01 -7.401135223309677258e+01
-2.317478503652534993e-01 -5.209590542373556676e-01 1.319824734458601573e-02
-7.460523187711390847e+01 -5.356585159744747804e-01 7.237068441617870462e+01
1.020488411854818755e+00 3.087744970204696071e-01 7.312312163317827185e+01
-3.121433470523390374e-01 -1.476970491905548410e+00 -7.659113849600480695e-01
-3.305893139245053569e-01 -1.144886196600152450e+00 7.383445666074216263e+01
-8.751085185205610684e-02 -8.024194305860645748e-01 7.312788249793857176e+01
-7.707752163702878967e-01 7.391186219466575835e+01 -1.480339341937543907e+00
8.879546792995141047e-01 -1.321409114699284348e+00 -6.945887432127266781e-01
1.473980529144753193e+00 -1.438581112448507615e-01 2.610375741740540989e-01
-7.940850146556579503e-01 9.973833147081847539e-01 6.532168661715923585e-01
-1.824781711089676017e+00 -7.469086886031553263e+01 -8.024194305874914335e-01
3.057845342582407033e-01 7.392683134400633094e+01 7.257725483262349542e+01
1.452165712242026618e+00 -6.685649027811194633e-01 -1.816068407890495617e+00
-1.082283091067242076e+00 -1.242232678779073618e+00 -1.807450441411011521e-01
8.219827237350670890e-01 7.373833547234229968e+01 -7.481067996643244555e+01
7.500237673501115410e+01 -1.052132626069493426e+00 -1.042021075127062435e+00
-3.785959243732077151e-01 1.472269612768456470e-01 1.768955723535985125e-01
-3.819710074172320002e-01 -6.468580533777115171e-01 6.519978054084591967e-01
-7.278916346922342484e+01 -1.381125224124084783e+00 -5.755354116334797654e-01
-3.741109802298618892e-01 7.351818792128665336e+01 -2.332428317477847346e-01
7.274928657356538508e+01 -1.139367557304563405e+00 -9.626461710793866589e-01
-5.968696067806765759e-01 7.366242491980132456e+01 7.454252580492791935e+01
-7.392346249397425595e+01 -1.141895001685515609e-01 -7.260282562885311819e-01
7.330675990644260764e+01 4.763212938200120927e-01 7.483361087744803797e+01
8.237536257333830658e-01 -1.438581112462822831e-01 1.091528899969578026e+00
-7.452370718379921755e+01 -4.383120337959878765e-01 7.419658222138015446e+01
7.405151128238469482e+01 -7.395163612367196038e+01 7.371877217919350755e+01
7.316627064522944579e+01 1.156844815476682220e-01 -7.316776562661107164e+01
1.086665068557929548e+00 7.449104237694636765e+01 -3.702615084433382719e-01
-4.912904431606268663e-01 -1.027327846402457556e+00 1.307628305562144044e-01
-7.572194444401790747e+01 -4.466526827403136668e-01 7.451921600664198309e+01
7.654307632021088992e-01 5.608421829088905408e-01 -2.779474242926455868e-02
5.473617819379748006e-01 5.243279042689181768e-01 -2.347440461423747904e-01
-2.109232050201357289e+00 1.051856705451512219e+00 -7.420033619169356598e+01
-5.525015339647665336e-01 -7.428746815627630440e+01 5.803025094062688183e-01
1.214437936349806568e+00 -1.494981381111704088e-03 -7.404438969420503724e+01
2.016941190065616174e-01 4.481476641224180213e-01 -7.406620451110887871e+01
7.465821028647556545e+01 2.527031582442276214e-01 1.570625916002974243e-01
-6.235482550958730830e-01 6.798955144890863611e-01 2.200445844063513845e-01
-7.459053864838929826e+01 -7.454551576768912469e+01 8.948003468627405699e-01
7.394031174497888514e+01 9.808162173346710588e-01 -7.328195512677865509e+01
7.080691441857026591e-01 4.500215327705580082e-01 1.075334456853468623e+00
-7.403765199414179676e+01 1.393731671019487472e-01 1.351456613044354604e+00
-9.413119759328230085e-01 7.474908998835817897e+01 4.784710830844731699e-01
-1.055501476099294678e+00 8.271224757629611624e-01 7.464986963753123916e+01
1.240188974795100874e-01 -2.445734434543340996e-01 1.174554807678281243e+00
7.557172751997926241e+01 7.403765199414290521e+01 1.712087192301235294e+00
-7.472877015283437174e+01 7.362427738817638456e-01 -3.075554362542776698e-01
-7.448617854553367579e+01 -7.380478804966547557e+01 7.462854167539785522e+01
7.129392086098775838e-01 7.279083579495019274e-01 -7.381948751140259901e+01
-4.800690311189249604e-01 1.061481401622524245e+00 2.780793148756316668e+00
3.303746110828873622e-02 -7.344863618153846119e+01 -7.237180674330599572e+01
4.500215327739592874e-01 -2.362390275234961257e-01 1.923616941632801058e+00
1.118207548284871233e+00 -1.330122417896394627e+00 7.373673129129737447e+01
-7.526358849531462170e+01 7.492112172930106340e+01 -5.287667487503779074e-02
7.402969646548085336e+01 3.444423691521388831e-01 -7.376163903761474216e+01
2.644064242056348157e-01 -7.197017070825035034e+01 7.278728960057495101e+01
-7.333482556863923207e+01 -7.369358851226012064e+01 8.252486071135114454e-01
1.205545459748287862e-01 6.715610985572593172e-01 2.595425927929713161e-01
-1.244040177613374709e-01 -1.983921376577845591e-02 9.577823396657432209e-01
1.990892765247553597e-01 8.788973912041142533e-02 -7.319930810633827889e+01
-8.169141911836597103e-01 3.116359245883587592e-02 2.100518746999872732e+00
7.404251582555565392e+01 7.394902504817908095e+01 -7.341233283705095403e+01
4.679806448746667846e-01 -7.403914697552292523e+01 -1.423631298651418797e-01
7.955799960367717638e-01 -2.580476114128493759e-01 7.629214221968043663e-01
-7.514126928035615549e+01 8.651255027746105331e-01 7.469423771034610127e+01
1.189530190032833445e+00 9.116433648538440071e-01 4.631168134620610721e-01
7.692802349886226354e-01 2.827506565923826320e-01 7.129329755954203485e-01
-1.418012157017887187e+00 -7.144279569754129477e-01 -7.460971682125726545e+01
1.540726288390674714e-01 7.321389836841058241e+01 7.446912459339017687e+01
7.820995950627910309e-01 -1.423992082541238657e+00 7.610475535464023000e-01
7.374993577165332681e+01 7.375143075303451212e+01 5.821701450413008239e-01
-9.577823396657270116e-01 7.125540883280465643e-01 4.946592931902166201e-01
-7.386412527182015708e+01 4.679806448733938029e-01 7.280712258132723491e+01
-8.714843155655243034e-01 8.801008851252877241e-01 7.357491406794925126e+01
-2.119148696133978937e-01 -7.378109936411145497e+01 7.345051005018788715e+01
1.363159879007201258e+00 2.577716907945457603e-01 -1.174175920409933349e+00
-2.560720082757880767e-01 -1.597518804867647191e+00 -1.845737018966266296e+00
7.293927742661112745e+01 7.351818792128558755e+01 7.312461661456040929e+01
1.063355270272746012e+00 5.642110329398619673e-01 -2.580476114107591590e-01
-7.343581682146427170e+01 1.010942194750967249e-01 8.913297623455347374e-01
7.291111002992798262e+01 -6.633284171163302823e-01 -7.496736367076435670e+01
-3.143948708056419905e-01 1.855945303547511305e+00 7.399665900437318555e+01
1.113343716872092548e+00 9.101483834724591881e-01 -7.279021249360206891e-01
-6.517218847917096713e-01 1.153220612531202116e+00 -7.432762097255125866e+01
-2.910850725211362455e-01 7.279021249367846336e-01 -7.415521034434101466e+01
-1.340287139329000010e-01 7.513640544894428785e+01 -4.285843709726622763e-01
7.401135223309574940e+01 -4.895257741752518932e-01 7.309494800348268484e+01
2.050692020488634748e-01 -9.585150079737811413e-02 3.606368122724368241e-01
-7.329841925749937559e+01 -7.299235880262460796e+01 -2.512081768621328703e-01
-8.072832619991625602e-01 -3.606368122705712609e-01 3.453244249036618863e-02
-1.535191619948663933e+00 7.352203739307441310e+01 7.357304019929978267e+01
1.478844360557528770e+00 -4.184790530446994006e-01 -2.137405679895670207e+00
-7.338453809462194499e+01 -5.588665797708163296e-01 -7.955799960357876621e-01
-6.550907348222785309e-01 7.409587312218602051e+01 6.847593459007655925e-01
7.437685287677824419e+01 7.426790486312792439e+01 7.411066052939834226e-01
7.312489253517637167e+01 -7.482788753701107964e+01 1.417633269750523395e+00
-7.437685287677879842e+01 1.224646220930102558e+00 -7.514565125784768895e+01
9.893248193948912528e-01 -7.280563383295907443e+01 -3.741109802288635766e-01
-4.613897481292811298e-02 1.220693782491237833e+00 4.116396184959443816e-01
7.204955184531152668e+01 -4.481476641224089175e-01 -7.483510585882913801e+01
1.652371082878441921e+00 1.145683874359006982e-01 -6.805052535254846324e-02
2.002053706371854647e-01 1.636973250100629274e-01 -7.768145454012101436e-02
7.589210231630823955e+01 7.409559720156906337e+01 -9.461758073421855375e-01
2.351167003960248358e-01 8.237536257331619094e-01 -2.430784620701532672e-01
1.419128251130657770e+00 -5.791801822800650701e-01 1.490547626516823598e+00
-7.499403608606640148e+01 -7.556600417954187776e+01 4.815640125000403837e-01
1.048662041548357404e+00 7.360270881037693869e+01 4.365411317998764695e-01
1.496803472659262946e+00 -6.915987804490713042e-01 5.822112804367995248e-02
-7.176938403567053593e-01 -2.283790003346837516e-01 8.900583323415717230e-02
7.140270002494519019e+01 -4.266087678351500045e-01 -3.489273132944751277e-01
-1.056996457480188889e+00 -4.466526827426126611e-01 7.443608713228285012e+01
-7.247915680892170087e+01 -7.486626945128800514e+01 7.221175418894247855e+01
1.826276692468787211e+00 6.265382178570998439e-01 -4.416871168409790549e-01
-7.460822183987558276e+01 -7.553633556846511965e+01 6.415136002121853975e-01
-5.905107939865836819e-01 -9.709805870092584890e-01 2.614164614444109969e-01
7.380927299380823570e+01 7.353316330364077658e+01 -7.402632761544984419e+01
1.754005909745450231e-01 2.979245070698622877e-01 1.618234563616066657e-01
-7.244649200206936257e+01 -1.321402881686810415e+00 -2.400884993090080799e-01
-1.362780991738423264e+00 -1.740260821999843444e+00 -3.819647744027455660e-01
7.171212309683748742e+01 7.374806190300287767e+01 7.339079394076409812e+01
1.492042607897730466e+00 5.525015339643204459e-01 -3.256175150105352079e-01
1.533317751299264176e+00 3.387190287141788603e-01 7.259035011331565102e+01
-6.232718491668204353e-02 -7.376164527062726961e+01 -5.701909584638337192e-01
-1.355236953144534628e-01 7.445800491583807457e+01 -7.408726278563776191e+01
-7.277895518464413271e+01 -7.360270881037538970e+01 1.235765898483202063e+00
-3.324631825733121437e-01 -1.326753567867903438e+00 9.991542167058453661e-01
-7.426762894251150726e+01 -7.270603459486332554e+01 -7.406920070688357782e+01
1.060365307511742294e+00 2.464410790903048820e-01 7.555974833340142993e+01
7.383894160488551961e+01 -8.751085185106684261e-02 -7.505337954123531574e+01
7.218358055924529992e+01 7.393854084297973372e+01 1.248867412187883330e+00
-7.394180672636102258e+01 -7.249470954667172862e+01 -8.853436038056494706e-01
7.464004024022031558e+01 2.274424356593200081e+00 7.344116127463288990e+01
7.312975636658694611e+01 -7.412040198123469281e+01 7.730256727275308659e-02
2.895900911400188793e-01 3.504222946755810586e-01 -2.994194884498784237e-01
-7.357005023653699993e+01 7.707752163707262127e-01 6.110812415454271868e-02
1.090040151602385876e+00 -7.340399842111912676e+01 6.298041012372850300e-01
-5.957535126676011261e-01 7.143249903261410516e-01 1.750096452325277108e+00
2.966861107872131170e-02 7.477389476802424895e+01 -7.404786651173667167e+01
5.048738107839865208e-01 4.071484413381502021e-01 2.712520917698412748e-01
-1.540726288400574018e-01 -7.289651353484126162e+01 8.751085185303855707e-02
5.311735718311403343e-01 1.392725523433129275e+00 -7.425480334942282923e+01
-1.073500656157444777e-01 1.083296218527331600e+00 -3.936742733776742997e-01
7.346569013367988532e+01 -9.622415505223583243e-02 -6.121109080390445961e-02
3.771009429920836320e-01 -3.474323319153583833e-01 -7.351669293990654808e+01
-7.274928657356639405e+01 7.351669293990576648e+01 8.849647165382881209e-01
-7.399825695240461698e+01 -3.738350596138677040e-01 1.619333621771132048e+00
7.391213811528228916e+01 2.877162224895748466e-01 -7.322710284876552578e+01
2.877162224905727150e-01 5.375323846229396185e-01 -1.454560592777533468e-01
-7.362789247731092246e+01 4.121140072374265273e-01 7.403952586279339698e+01
6.385236374479805743e-01 5.111296569244221377e-01 -3.027945714950324163e-01
-5.627160515583201628e-01 7.110591069459439861e-01 1.340287139343354639e-01
-3.075554362542474163e-01 -5.784224077532832547e-02 7.433061093531451036e+01
-1.066832087806927953e+00 -7.131640873383465751e-02 -7.468787889755330411e+01
-9.457969200750564465e-01 -7.469958216351567160e+01 7.471577660663395193e+01
9.457969200748372884e-01 -2.866001283777994679e-01 -3.111289874258543753e-01
1.617838640389473781e+00 -2.017003520196175570e-01 -7.367225431711224815e+01
1.735267223220171295e-01 1.076559750628972578e+00 1.362780991739427572e+00
-7.644164035769502874e-01 -7.416504597466746418e+01 2.966861107873734055e-02
7.347477925002153798e-01 7.486001360514754310e+01 -6.730560799373610514e-01
9.176232903772426619e-01 -5.044949235156396261e-01 -2.445672104388363632e-01
-7.872393470924454739e-01 -3.771009429920839651e-01 -4.839173072973327466e-02
-8.252486071123983358e-01 -9.296087099701109135e-01 -1.186744443098843305e-01
7.611505201974226864e-01 -7.989488460652434121e-01 -2.778805921641224197e-01
7.350797340369310007e+01 -1.822400255200946340e-01 -7.599618649854794228e+01
-3.741109802288759001e-01 6.121109080699236454e-02 7.529196682615176428e+01
-7.269144433279107886e+01 -7.959588833030235566e-01 -2.797606938270635890e-01
3.226275522473175950e-01 -6.948646638266222642e-01 -2.017003520185923771e-01
7.300434422221702846e+01 -1.710213323650690231e+00 -7.130347100839811159e-01
-7.268807548276149078e+01 -1.278260102648587582e+00 7.080691441847662970e-01
-7.338742509073354370e+01 -1.204223418753941566e+00 3.004338480771606701e-01
-1.993547568651368174e+00 -1.567850193786513691e+00 3.576468495091528199e-01
-4.334482023832179620e-01 7.306816638851584855e+01 -6.156944609209522579e-01
8.849647165380719604e-01 -1.028822827783580918e+00 -4.286685841814560222e-02
-1.141895001685440392e-01 3.173848335682926125e-01 7.392346249397638758e+01
-1.385136580766634096e-01 5.634725939191125715e-02 2.966861107777929440e-02
7.377377552624274637e-01 1.447301880828684828e+00 7.471904249001310916e+01
-1.225762315042894457e+00 7.233230250190072752e+01 7.208109432503870551e+01
-1.851081472135413630e+00 -7.976002432909368167e-02 2.157244893662440433e+00
-7.206939105907730436e+01 -2.614164614447203605e-01 -1.281730687167746296e+00
1.292113157875440121e+00 -5.623371642912902146e-01 -2.584264986812076503e-01
7.245333143662007558e+01 7.409111225742420004e+01 5.642110329393988932e-01
-2.283790003361036991e-01 3.951692547587691839e-01 -7.362427738792343135e-01
1.424268003158996265e+00 -7.258736015055289670e+01 -2.727470731499551104e-01
2.332428317465755352e-01 -7.223992781863853452e+01 1.039812155872631705e-01
-7.147038775944902778e-01 -7.266326447008140121e+01 1.933659360887564627e-01
7.300556328298058872e+01 -7.405310923041717786e+01 -1.166220391747481155e+00
2.002053706405922673e-01 7.380478804966546136e+01 1.636973250110481393e-01
-2.215395657863869494e-01 -7.319593925630670128e+01 -7.360458267902696150e+01
-7.226959642971581843e+01 2.221067059960985191e+00 7.386235436982184410e+01
7.397147533743775227e+01 -5.686959770829884686e-01 -6.532168661726117653e-01
7.974538646862183722e-01 8.552961054605630054e-01 -1.698888944957637648e+00
-7.363237742145314257e+01 -1.754005909724702938e-01 9.856800487463419636e-01
-7.213931545308165028e+01 -5.195670395076116277e-01 8.621355400103059008e-01
1.647036373499175671e-02 -4.617247987332727677e-01 9.991542167058464763e-01
-1.442438049416578938e+00 -3.742139468812165637e-01 8.582860682227819726e-01
-1.766560583045577282e+00 6.385236374489704492e-01 -8.864596979193954951e-01
3.888104419659746958e-01 -7.273945717625389307e+01 7.252754230664007196e+01
1.825897805202433943e+00 -7.190868369682891625e+01 -1.033962579812234939e+00
6.322615582940622758e-01 1.969755916446728428e+00 -9.277348413206514266e-01
7.165625645920121656e+01 4.850345970182076694e-01 -5.784224077434261396e-02
3.918004047278866864e-01 3.474323319143505229e-01 -1.200854568723366711e+00
-1.679049731193950290e+00 7.312975636658802614e+01 -7.309484503683128764e+01
-7.243489170275960021e+01 -5.638321456706560930e-01 1.622702471800713031e+00
-1.657758948006854693e-01 -3.771009429916422073e-01 -7.289314468481069298e+01
-3.920700923326850829e-01 -2.166757343732783891e-01 -7.324693582951780968e+01
-1.115217585522430666e+00 -2.580476114124043430e-01 -3.921792919975388148e-01
6.997284952393945101e-01 7.411720731733292666e+01 7.365905606976977538e+01
1.965649859572731861e+00 -3.358320326038802262e-01 -8.222586443522816868e-01
-7.940850146556603928e-01 -5.390273660046009940e-01 -1.453530926263875700e-01
-3.135976308195195905e+00 7.404786027872363263e+01 9.428069573126207636e-01
7.292131831450828372e+01 7.955532318958002946e-02 -7.272111294386877489e+01
-8.883335665667406733e-01 5.657060143203143099e-01 3.752270743426329713e-01
-7.257088978681748870e+01 -3.606368122713533020e-01 -7.263808703616004436e+01
-1.020828458051414867e-02 -4.349431837674067047e-01 2.147030376068658430e+00
-9.296087099701033640e-01 7.377810940134895645e+01 1.405923770775642456e+00
7.354674043825205842e+01 -1.073569787867738601e+00 7.530159775533626032e+01
1.055791636201565131e-01 2.035742206688528622e-01 -2.464473121027432323e-01
-7.270791469652625949e+01 7.363574627148477703e+01 2.119148696133951459e-01
7.357304019929878791e+01 -1.680544712576048427e+00 2.925800539022449520e-01
2.330979828703314688e-02 1.013853678441972272e+00 1.472269612779318337e-01
-7.350348845954999888e+01 4.927854245407486400e-01 3.042895528792299853e-01
-7.402792556348330777e+01 9.435028640179127235e-02 -7.304336160884975016e+01
-7.343731180284461857e+01 1.128043178611510378e+00 -7.269144433279106465e+01
7.403418140962398297e+01 -3.888104419659728639e-01 2.525632533455318907e+00
-1.468480740088164427e-01 3.440634818837817743e-01 1.275270139888476040e+00
-7.482826642427943398e+01 1.622702471801711122e+00 -7.393704586159972791e+01
7.491428229475036460e+01 -7.271812298110656059e+01 7.515287581267931216e+01
-9.811888715895178414e-01 1.281904873296122460e+00 -1.158090676954489862e+00
-1.392828490084490944e+00 1.984344686414009074e-01 3.873154605858640243e-01
-5.634725939343640522e-02 -1.156844815476674171e-01 -2.793818065597247768e-01
5.972484940477206239e-01 -7.196867572686923609e+01 1.332733493392347590e+00
5.525077669780233958e-01 1.589364602507420954e-01 1.653866064259548185e+00
1.634214043927668669e-01 4.793112565812494563e-01 1.507017990252049300e+00
-9.150122148845767356e-01 -1.370186766955532043e-01 -7.254571235289634501e+01
7.377377552624329038e-01 -7.446099487859930832e+01 1.769929433076560921e+00
9.758444184213446171e-01 1.592654973454646239e+00 8.489372926677789533e-01
-5.686959770837581862e-01 1.582825576142707025e+00 1.914858344258412726e-01
-8.252486071134988999e-01 -7.479533192982250966e+01 4.601330837142852404e-01
-6.532168661725965553e-01 7.457368939738576330e+01 -9.229739765603384161e-01
7.381166425297942535e-01 -7.370230181545832693e+01 7.414857561093130300e+01
3.207536835988542556e-01 1.165841504479127266e+00 -5.143243208275889433e-01
2.629976104924978964e-02 5.111296569254134559e-01 2.119086365999003907e-01
-7.534595959513782759e+01 -8.849647165392731107e-01 3.918004047291807623e-01
-1.170910037030977069e+00 7.374993577165231784e+01 -7.372176214195575028e+01
1.685408543986739005e+00 -6.798955144890806990e-01 8.237536257333810674e-01
1.617838640389481775e+00 -5.933722215644385289e-02 3.752270743426238120e-01
-7.575769690292002423e-01 2.031953333997398858e-01 7.842556173437134071e-01
7.283829240679956740e+01 -6.805052535562147731e-02 -7.454439967357636476e+01
-2.212636451684126260e-01 -2.895900911400224875e-01 2.266080983391096648e-01
-7.317440036002085435e+01 3.237498793735722469e-01 -1.913787544321852163e+00
7.411234348592179799e+01 -4.218479030762509741e-01 -1.229407085690416457e+00
-7.386599914046981041e+01 -1.938465578457138627e-01 -7.343901148536642154e+01
7.467926856100439181e+01 -3.635238083812134535e-01 -9.886700115085520491e-01
9.097694962033454624e-01 1.505144121604673924e+00 7.050791814245580547e-01
-7.312788249793902651e+01 7.406293862772966463e+01 2.002053706385228393e-01
1.604153538276540614e+00 -1.349582744395913192e+00 -2.844503391113407664e-01
-8.601587047193985647e-02 -4.034007040392349475e-01 -2.817362969659275435e-02
-2.004667246203488240e+00 5.654300937035544594e-01 -5.194640728562386345e-01
1.175583501981235235e-01 -7.460148413981499971e+01 7.285037456002834233e+01
1.203107324642280096e+00 4.214690158069179793e-01 -1.959926519134769674e+00
-1.582928542794063143e+00 -1.141895001675690691e-01 7.298103442393110640e+01
1.142924668210078265e-01 -4.810821585793464417e-01 7.324207199810618363e+01
-7.450563887203136915e+01 7.290811383415233138e+01 -7.114379942152546654e-01
7.354851134024991666e+01 -7.440965680551703265e-01 -1.258927661289417910e-01
7.499404231908087581e+01 1.301948788202850427e+00 2.482182141009046661e-01
-7.270790846351277992e+01 7.274779159218533664e+01 7.417140478745930920e+01
3.552923591007463022e-01 -2.727332885472849355e+00 -1.675200259406436132e+00
-1.594907729371465965e+00 7.235384139818968663e+01 -1.432602419091132173e+00
9.709805870092327318e-01 -1.460500128168684908e+00 -1.220693782491238721e+00
1.664074348838852302e+00 -1.423631298620856300e-01 -7.823755156807473687e-01
7.280077000154793154e+01 -2.497131954799068909e-01 -6.487319220292422361e-01
7.315456114625455086e+01 -1.483605225313671339e+00 -7.337769866007292308e+01
5.608421829086387422e-01 -8.864596979203838156e-01 -1.794734212740511481e+00
-7.344714120015677850e+01 5.986405087761522692e-01 -7.295098692558602238e+01
-1.025832865021342410e+00 1.098374567531482882e+00 -7.216204166295902667e+01
7.246803089835667322e+01 -7.536093497749195080e+01 -7.434531039705166222e+01
-2.644064242035420453e-01 -1.068705956454085282e+00 -6.069749247062359299e-01
1.190749250795539949e+00 3.572679622395646959e-01 -7.301219801638880824e+01
7.369209353087802583e+01 5.485227801112960155e-02 -7.357341908656601959e+01
-7.267310010040741020e+01 -1.457319798960531876e-01 -6.847593459007574879e-01
-8.597810496038926775e-01 -4.748263124392289591e-01 7.540380183591187802e+01
7.327361447783434301e+01 4.101446371125472279e-01 -7.340934287428873972e+01
6.336535730224992502e-01 -7.292281329588884375e+01 7.169529600120505552e-02
9.431858445807449476e-01 1.824781711088462988e+00 5.375323846229438374e-01
-1.787515890924545214e+00 8.417127378359972045e-01 4.086434227182475509e-01
7.085383702861516042e+01 7.511337157127631770e+01 7.457518437876683493e+01
-7.357790403071145136e+01 -4.005137079283734303e-01 -7.420978670173715841e+01
1.478465473287120746e+00 -7.307153523854579191e+01 -7.484680912479156234e+01
-7.318273477595113263e+01 1.156844815473428156e-01 -3.708450968506306067e-01
-7.366579376983185057e+01 -6.832643645188836157e-01 -7.426015866750976802e-01
-1.792500627599676599e-01 7.360270881037672552e+01 -7.337432981004239707e+01
3.903054233501681014e-01 2.050692020499579882e-01 2.012629007879443321e+00
1.278536023264261523e+00 2.181707157548231635e-01 7.484194529337887047e+01
7.193935228775466539e-01 3.143948708060633201e-01 -4.515165141539637106e-01
7.306527939240437775e+01 3.162687394555174780e-01 1.108206501360208818e-01
6.517218847914920676e-01 7.352006178993718777e+01 -6.250432364739124669e-01
6.220532737124531142e-01 7.396334562264685530e+01 6.118387561199896130e-01
-7.344200144812765529e+01 2.515418015861549339e+00 7.343217205081569432e+01
4.912904431596417654e-01 -7.255891060023930095e+01 7.197551516141894012e+01
7.440315263782494526e+01 1.033686659195251378e+00 7.383595164212329109e+01
7.439332324051403589e+01 -2.085397865693594532e-01 -7.289352357208001365e+01
-7.343067706943350004e+01 -2.464473121027983549e-01 -7.267160511902631015e+01
1.345091567237772789e+00 6.813904958696417324e-01 7.230382935243374609e-01
2.005842579066277054e-01 1.768955723540032166e-01 1.885021046761112817e-01
-1.637677854154815149e+00 -1.494981380681215111e-03 3.372240473330599952e-01
7.248936509350355095e+01 4.151102030141384791e-01 2.298739817152385678e-01
-8.538011240794547430e-01 -4.631168134630201383e-01 4.001348206621032633e-01
-7.277447024049979518e+01 1.240737697397399142e+00 -1.056996457481178098e+00
-1.319824734250886478e-02 1.081320615389717466e+00 -1.195510115557833597e+00
-1.056996457481166107e+00 9.976592353251698686e-01 2.895900911390325017e-01
-6.798955144880953760e-01 -7.369059854949691157e+01 2.767209781131962920e+00
1.141517346572102021e+00 8.834697351576068503e-01 -7.192702792921416233e+01
1.205718400135833202e+00 5.784224077333764702e-02 1.482110243933649318e+00
-1.107189156486191040e-01 -1.472269612768364877e-01 7.196694434937709328e-01
7.325752923438038522e+01 -5.360374032438124381e-01 9.957853666742780829e-01
7.246681183759309874e+01 -4.694818592692951431e-01 -7.278194514740421539e+01
-7.401135223309677258e+01 1.796534511629266362e-02 3.094293049057752487e-01
2.424647513644755392e+00 -5.972484940487150507e-01 3.141189501881131996e-01
-3.610156995387022727e-01 -1.032191677815132547e+00 2.069430706986518098e-01
-7.343689052328581379e-01 -8.217780225963282614e-01 -7.250620811149414635e+01
-9.087970188263039262e-02 -1.020828458128871657e-02 -7.158157120043786392e+01
9.097694962064188928e-01 2.283790003341216179e-01 -7.144921165401400742e+01
1.087043955824938513e+00 5.784224077532151842e-02 1.129814080607619786e+00
-5.686959770829811411e-01 -8.751085185106460829e-02 1.112964829604072614e+00
-9.577823396667188849e-01 5.161981894780336422e-01 -7.344238033539704702e+01
7.387732975217636522e+01 -7.328345010815876037e+01 1.045293191517780995e+00
7.332332700381721224e+01 6.468580533795880161e-01 -4.116396184949449033e-01
-7.419172462298197956e+01 4.961542745723075964e-01 -7.440315263782595423e+01
-9.278315749585206440e-01 -8.184091725637743231e-01 7.522690626355833388e+01
3.636267750315882452e-01 7.386749412185147889e+01 -7.383268575874511441e+01
7.689013477212689462e-01 5.784224077533286351e-02 2.185039636089717074e+00
5.194640728583442835e-01 2.317478503666753620e-01 -7.314296084694507272e+01
8.601599368709300641e-01 -3.470534446460087352e-01 1.291586495071917473e-01
-6.565857162033879035e-01 -7.838767300753668454e-01 7.098400461817977458e-01
-2.966861107772783557e-02 7.443132626752156966e+01 1.139643477919574099e+00
1.768955723540025227e-01 5.956505460152512477e-01 4.897954617775379660e-01
-2.317478503666820233e-01 -7.328532397680824317e+01 3.741109802288757891e-01
-8.318833405232751721e-01 5.627160515583201628e-01 7.095641255648306167e-01
7.318572473871293482e+01 7.402305549905717896e+01 -1.303839432867776038e-01
2.966861107772800210e-02 -4.796901438496021242e-01 5.642110329394363077e-01
-7.378446821414273415e+01 9.622415505123937951e-02 -4.613521444794012050e-01
3.653976770327622692e-01 -1.073500656178306145e-01 7.516607406002175651e+01
5.740404302500710099e-01 -1.984834265453186308e+00 2.283790003341181207e-01
7.418487895541898069e+01 7.292131831450728896e+01 8.995612116230391475e-01
7.308983207127068837e-01 -7.525507989325538460e+01 8.435928394991740742e-01
-7.357790403071047081e+01 -1.903759733275533217e-01 1.720317409409012344e-01
-3.158898521881655097e-01 -9.734024916500022551e-02 1.156844815476837374e-01
7.198487016998846855e+01 -7.677852536094977864e-01 4.991504703460197812e-01
-7.448617854553370421e+01 -7.332819083522946357e+01 -4.796901438475092982e-01
-7.306667140713467745e+01 -7.534446461375746651e+01 -8.538011240804546098e-01
-5.158639463290545790e-02 7.395350999232141476e+01 3.800926002106379265e-02
4.748263124400018409e-01 7.351669293990556753e+01 -7.457556326603621244e+01
-1.935706372287695487e-01 -3.935713067272834653e-01 7.500901146842049627e+01
-8.938472050151441417e-02 7.251801934495691171e+01 -7.255592063747553766e+01
-7.369059854949733790e+01 -7.530993217126805916e+01 1.619333621769150966e+00
9.296087099705412360e-01 7.361928214076405652e+01 2.283790003341071850e-01
1.142924668179317593e-01 -1.753362335703487318e+00 -6.265382178580911621e-01
7.158970091522870405e+01 -8.285144904936986299e-01 -7.411066052940002979e-01
-6.805052535486555421e-02 -3.504222946765797042e-01 1.170326596142282766e-02
2.203101714844866610e+00 7.917643592121881291e-02 7.315306616487296765e+01
-1.997929546142356516e+00 -9.724755683913337556e-01 8.567910868416965808e-01
1.531822769918104843e+00 7.386711523458258455e+01 3.116359246090357610e-02
4.748263124366113863e-01 7.416841482469808966e+01 7.264071435549045441e-01
4.184728200309822399e-01 -7.483548474609636969e+01 2.072345117303230566e+00
7.463191052542885018e+01 -3.557667478431076891e-01 -7.252100930771990761e+01
-2.745179751490384734e-01 7.315129526287589101e+01 4.052745726886951561e-01
-7.482489757424986010e+01 7.150041916137860198e+01 7.359287318005107181e+01
7.314622673032422995e+01 7.210242852018663484e+01 -8.883335665698317563e-01
4.324574568758754456e-02 1.002523066736427326e+00 9.720966811240925320e-01
-7.236047613159942671e+01 1.162575621102001522e+00 -1.455534562271511012e+00
-1.077419259654253114e+00 -7.392346249397425595e+01 2.817362969561624381e-02
-6.385174044333965515e-01 -7.483697972747748395e+01 -7.341934645772907686e+01
-7.392580557487651305e-01 5.508477217137196513e-01 -1.612065574631446063e-01
8.052705076695577668e-01 6.428634850611185669e+00 -6.570427514170263272e+00
-7.392580557487794524e-01 1.360188828599706579e-02 -8.868627249259199985e-01
-2.078051154798135070e-01 8.266622786233601694e-01 -6.368415291849125026e+00
8.344521612911646180e-01 5.046398597498571448e-01 -3.978408554305620237e-01
6.496625179581609011e+00 -1.204008926051726713e-01 2.020122223210007728e-01
4.774360831778541869e-01 8.266622786233016607e-01 -4.094266417480539877e-01
-3.026276374287287796e-01 1.278191916797458139e-01 -6.529621849312315263e+00
-5.817567570135469879e+00 -6.139589989008920057e+00 -6.939067603519808003e+00
5.642740011926838939e+00 -2.482009718255296093e-01 -5.871565314767145161e+00
2.696118552387505307e-01 4.659855801664915947e-02 -6.919653709615677606e+00
2.968156318106272007e-01 6.052204878593785864e+00 -9.276492773243647516e-01
-1.360188828599467187e-02 1.162305698242247498e+00 3.220224188734752135e-01
-8.740422287457667860e-02 2.718466411252961831e-02 -1.418117760184226528e-01
-7.162080900741817580e+00 6.038602990307888163e+00 6.799252817010424721e+00
7.208679458758480152e+00 -7.994776145108145604e-01 -3.301578219009781989e-02
-4.659855801664886804e-02 8.740422287451390937e-02 -7.380233458862031637e-02
6.886657039884962472e+00 2.016215262682435339e-01 -4.080566485787564396e-02
4.502323066059583656e-01 -4.230285300340482779e-01 6.601245192075459733e-02
1.263292696943381532e+00 3.162104132553706370e-01 8.868627249259466439e-01
7.062422735585796030e-01 3.764299720173347463e-01 -6.139609101468366248e+00
-3.434333022866323804e-01 -6.308195733087162971e+00 -6.125988100722997487e+00
-6.469421403009698146e+00 4.661767047605756831e-02 2.720377657190790194e-02
6.032790984689713198e+00 -6.409220956707081918e+00 -3.764108595579903627e-01
-4.910379714638615778e-01 -7.380233458865347040e-02 3.900127478439364692e-01
-6.120195207564261608e+00 -3.356243071594577354e-01 -4.080566485787678888e-02
-6.758447152152493587e+00 6.382017180135163059e+00 -4.366304183200258038e-01
6.442217626437808597e+00 6.993456044204215516e+00 5.274138147496190143e+00
-6.601245192080826274e-02 3.356051947000405766e-01 -3.026276374288575655e-01
-6.133797095850251679e+00 -3.492261954453756978e-01 -3.788636071533346694e-14
-8.740422287455174022e-02 -1.282098877324542863e-01 1.010061111605329021e-01
6.529621849312203352e+00 -4.832480887960418636e-01 -4.502323066059664702e-01
7.382144704796474166e-02 1.360188828593078027e-02 4.661767047606724113e-02
-1.009869987010703352e-01 -7.222281347044466671e+00 -6.617026072186840580e+00
2.890257491427958847e-01 4.078655239848541503e-02 -4.774360831779184688e-01
-3.220415313329602069e-01 6.153191877294984735e+00 -1.146079994464563878e-01
1.806013389078602593e-01 3.900127478439231465e-01 6.777861046056598227e+00
7.181475682186531984e+00 -7.664618323206873196e-01 -6.848505026049457323e-01
6.161000872422167873e+00 4.580413017331399494e-01 -6.382328321288381900e-01
6.032790984689698988e+00 2.618219725708776924e-01 -4.659855801667484032e-02
7.282481793347137966e+00 -5.780323858262258474e-01 -7.282481793347008292e+00
-6.442198513978337537e+00 6.562637631502304281e+00 1.010061111605187883e-01
4.638341948918970892e-01 5.836981464039594059e+00 -2.890257491428325221e-01
3.900127478438958351e-01 6.698227593390531531e+00 -6.382519445882901543e-01
-2.152234145543048260e-01 -6.516039073485630162e+00 2.832328559840690541e-01
-6.818647598455127579e+00 -4.080566485791417564e-02 3.900318603033037790e-01
-3.628280837314426521e-01 -3.356243071594999794e-01 -9.334803954020496342e-01
6.859453263312985882e+00 -7.088278566153288551e+00 -5.512384177665148322e-01
4.080566485793257758e-02 3.764299720173461816e-01 3.900318603033710030e-01
5.974462797303298212e-01 -8.810698317672303048e-01 7.470670508760712814e-01
-6.327628739450654294e+00 6.147398984136274613e+00 -1.290496473515263087e+00
-4.638341948919543767e-01 6.570427514170264160e+00 6.193997542152819946e+00
-7.101880454439173818e+00 -7.664618323207426087e-01 -9.412702780698452010e-01
-2.754429733162713223e-01 4.172356368752379585e-01 -6.483023291295710422e+00
6.993475156663603087e+00 2.754238608568531643e-01 -1.476237816365838507e-01
3.299666973068346443e-02 -6.812854705296249591e+00 5.991985319831780288e+00
-8.742333533396878797e-02 1.360188828592844359e-02 -1.418308884778391732e-01
5.749558128705610116e+00 -9.214848005723063062e-01 3.570351905726444341e-01
6.717660599754039730e+00 -3.822419776355361343e-01 -1.340027808911873342e-01
-6.785650928724498598e+00 6.926594977321200997e-01 -6.911863826947825196e+00
-6.960459374473533245e+00 -6.502418072740424826e+00 -4.968499770820600236e-01
-4.230476424934404012e-01 -3.301578219010073423e-02 -6.873055151599050561e+00
5.512384177664473306e-01 4.080566485790308728e-02 -6.106593319278339038e+00
7.961434020674724998e-02 -7.129065118551727309e+00 6.502418072740395516e+00
8.740422287456273143e-02 -6.878848044757768676e+00 -6.925465715233817932e+00
-4.661767047600778868e-02 2.720377657199354871e-02 -1.360188828599245489e-02
2.720377657194644055e-02 -2.288253028402048583e-01 3.434141898273007643e-01
-6.349001397945090552e+00 6.502418072740326238e+00 6.799032897042198154e-02
6.802855388924730629e-02 4.036146361299508545e-01 -2.346181959989792065e-01
-7.528790564941637564e-01 -3.026276374288190407e-01 6.785650928724461295e+00
6.133797095850175296e+00 9.606841719739486196e-01 -3.764299720174006936e-01
6.354832516022669964e+00 -6.698246705849767224e+00 6.046373760516237539e+00
-6.382017180135147072e+00 5.991985319831753642e+00 -3.162295257147291205e-01
3.026467498882064455e-01 6.442217626437707345e+00 -2.832328559840618931e-01
7.235883235330414109e+00 4.774551956373112027e-01 3.958438659215336441e-01
-6.261987871123278815e+00 0.000000000000000000e+00 -1.880196379823276531e-01
7.686115541936445084e+00 -6.193997542152834157e+00 6.556825625884224351e+00
6.032790984689698099e+00 3.104175200966043380e-01 7.380233458860892271e-02
2.156141106069973390e-01 -3.764299720173455155e-01 -1.414019675062648806e-01
4.910188590044151091e-01 7.392580557487800075e-01 5.570504233846516051e-01
6.597631290742098642e+00 -6.469402290550323897e+00 -6.597631290742194565e+00
1.282098877325144048e-01 -4.502323066059849554e-01 -4.366304183199885003e-01
-7.789882667739812805e-03 6.993456044204283906e+00 5.376365294805055539e-01
5.904581096957257635e+00 9.140665014979106884e-01 4.036337485893371491e-01
-3.900318603033280374e-01 -8.732608366399157163e-01 3.628280837313768714e-01
-1.669994506218820673e-01 -6.227013324342985712e+00 -6.160981759962737669e+00
-1.404713776908960154e+00 -4.078655239851311509e-02 1.939478144468631537e-02
-6.529621849312329473e+00 -6.213411436056967219e+00 -6.979873268377636109e+00
6.461631520341972745e+00 5.812005618094778781e-03 8.596589483540106880e-01
-8.740422287455007488e-02 3.162295257147561545e-01 6.966271380091669130e+00
-3.628471961908384946e-01 3.492453079048553066e-01 6.455800402264317839e+00
-7.255278016775090322e+00 3.299666973067230669e-02 7.664427198612976389e-01
-2.720377657197506349e-02 -5.812005618163385359e-03 7.392580557487784532e-01
-3.356243071594073868e-01 -6.772029927978929997e+00 -1.009869987011030312e-01
-2.718466411245433478e-02 -3.706370788586255127e-01 6.125988100723009921e+00
-1.360188828596736038e-02 6.442217626437754419e+00 -6.455819514723748043e+00
5.916533865716087082e-01 6.502437185199873682e+00 -2.720377657193555343e-02
-5.743746123087460020e+00 -3.162295257147298977e-01 -6.059994761261592089e+00
1.067990043192297012e-01 -3.220224188735023030e-01 3.764299720173734931e-01
3.764299720173442942e-01 -5.842541999565741273e-01 1.942223396531940760e-01
-4.080566485794030057e-02 -7.789882667803907368e-03 -6.510227067867615069e+00
2.720377657199538057e-02 6.092991430992404034e+00 6.032771872230280330e+00
-3.628280837314056262e-01 1.360188828599393288e-02 6.805045710169142836e+00
-1.304098361801222739e+00 5.104327529087259174e-01 -1.769417945496343236e-15
6.886657039885014875e+00 4.230476424934138668e-01 2.720377657193671916e-02
4.638341948919249003e-01 -3.240194083825590488e-01 7.107673347597904367e+00
-4.308375251612424073e-01 -3.900318603033110509e-01 -6.800944142983689211e-02
-6.133797095850273884e+00 6.790384969866466447e-01 -2.152234145542460120e-01
1.911245941763409228e-05 6.919653709615544379e+00 2.754238608568541080e-01
5.570504233846400588e-01 -6.368434404308567665e+00 4.774551956373219719e-01
-2.718466411251812750e-02 -4.502323066059910062e-01 -4.774360831778325376e-01
-6.597650403201514635e+00 7.256561674628111414e-01 1.067990043192677263e-01
3.492261954454101147e-01 5.706523116705783938e-01 1.884103340350327671e-01
3.299666973065065734e-02 -4.502323066059882306e-01 5.373128156688235180e+00
3.299666973075576076e-02 -7.994585020514342055e-01 6.193606846100021102e+00
-4.308184127018266363e-01 3.706370788585883203e-01 2.020313347804274517e-01
-1.358277582655774071e-02 3.570351905726600328e-01 6.125988100722954854e+00
-4.661767047600165470e-02 -4.036337485893068955e-01 6.207618542898220682e+00
-6.180376541407482271e+00 -1.806204513672946543e-01 6.758428039693105127e+00
-6.758447152152541548e+00 2.288444152996534364e-01 -1.939478144472324417e-02
8.538660551952643729e-01 6.019189096403630757e+00 6.013377090785622769e+00
-2.618219725708863521e-01 -1.087959938283547118e-01 6.952669491805727020e+00
1.418117760183920106e-01 -6.110481680164228102e-01 7.200870463631274809e+00
1.010061111605820711e-01 7.004493803998945722e-01 -6.516019961026289664e+00
3.492261954454351502e-01 1.360188828612173689e-02 -6.812835592837016563e+00
-6.442217626437738431e+00 -6.483023291295682000e+00 7.175663676568397875e+00
3.299666973068134113e-02 -6.946857486187454356e+00 2.968156318106527913e-01
-3.628280837314036278e-01 -6.442217626437750866e+00 6.818647598455213732e+00
6.059975648802303105e+00 2.720377657193502260e-02 3.764299720173496233e-01
-7.028059007391226132e+00 2.720377657193426280e-02 7.789882667794310878e-03
1.010061111605458917e-01 -1.146079994464257457e-01 -7.309685569919016856e+00
-2.720377657197117077e-02 7.382144704800119861e-02 6.496625179581707599e+00
-2.078242279392003844e-01 3.628280837313677676e-01 -3.900318603033423592e-01
-5.916533865716087082e-01 1.880196379823032560e-01 -3.978217429711455866e-01
-6.382519445882581799e-01 2.890257491428341874e-01 6.906051821329578289e+00
3.220224188734936988e-01 -5.823360463294162237e+00 5.890979208671276446e+00
-2.868538739875248211e-14 -1.483188571960170066e-16 2.720377657189861770e-02
1.290496473515253761e+00 9.276683897838484683e-01 4.250255195430698851e-01
-8.732608366399812194e-01 -7.235883235330410557e+00 1.476046691771689956e-01
-2.560290794121694580e-01 4.661767047603943004e-02 -2.424271911262005086e-01
7.528599440347472083e-01 -2.948186423015930480e-01 -2.152234145542358534e-01
6.020044630257875840e-02 1.939478144467643786e-02 7.800446081471910098e-01
-6.732456038280077992e-01 7.255278016775100980e+00 -8.324742842415302491e-01
-2.696118552386912448e-01 6.739033258248465330e+00 7.323287458204978506e+00
6.939067603519760041e+00 -2.718466411261483140e-02 -2.288061903808163156e-01
-6.341602211329878003e+00 -4.659855801663456698e-02 -4.638341948919321167e-01
-5.104327529085733728e-01 -6.502437185199842595e+00 5.945386761815101728e+00
6.100781313660075256e+00 6.180414766326270737e+00 7.389299910125760817e+00
7.080469571026066333e+00 6.946857486187476560e+00 3.570351905726486530e-01
3.822228651761325202e-01 -2.288061903808244757e-01 -7.380233458861010232e-02
6.335418622118499599e+00 7.314681730809373672e-01 8.130412778779421146e-01
3.301578219015963156e-02 5.440755314387033664e-02 -1.282290001918707512e-01
-4.036337485893361499e-01 -6.106593319278253773e+00 7.936656088926472563e-01
6.106574206818889294e+00 -6.308195733087121226e+00 -5.986173314213601770e+00
2.890257491428506187e-01 -1.146079994464880847e-01 -3.026276374288180415e-01
5.376365294804692496e-01 2.754047483973981469e-01 -2.720377657193403381e-02
-1.476046691771938368e-01 -4.774169707184479083e-01 -3.764299720173737152e-01
1.001470724372407251e+00 4.230285300340219656e-01 6.739033258248367630e+00
-1.067990043192361405e-01 3.220224188734747139e-01 3.764299720174352215e-01
-6.126007213182470323e+00 -6.636439966091022491e+00 -6.106593319278335485e+00
-7.235883235330429208e+00 5.724351341642746505e+00 7.392580557487786752e-01
4.080566485787420761e-02 -4.080566485793107878e-02 7.858757262248448061e-01
2.544227859558513272e-01 1.939478144472302212e-02 -3.299666973062037600e-02
5.952009718424022822e-14 7.959522774732238903e-02 2.156141106070182389e-01
-1.418117760184355869e-01 4.560443122240836478e-01 -3.298314140007222450e-01
4.502323066059836787e-01 -3.356434196188888830e-01 8.740422287455434924e-02
6.790576094461330259e-01 5.749558128705638538e+00 -1.010061111605468909e-01
1.822076323641383389e-01 6.617026072186873442e+00 -6.120195207564123940e+00
3.026276374287884541e-01 -2.890257491428505077e-01 -6.516019961026323415e+00
6.100800426119624476e+00 2.890257491428199210e-01 7.808995127206501408e-03
-1.360188828594043921e-02 7.256561674628017045e-01 -6.993065348151418448e+00
-6.603424183900763467e+00 3.434141898272484728e-01 -2.288253028402051914e-01
-4.366304183199983813e-01 -5.656361012672309840e+00 3.084396430469811823e-01
-4.832289763366116597e-01 -2.720377657187486586e-02 3.958438659215158806e-01
-6.543242850057562343e+00 6.059975648802115700e+00 6.092991430992301005e+00
1.282098877324535924e-01 -4.774360831778934888e-01 2.890257491428147585e-01
-7.380233458857138329e-02 6.529621849312304604e+00 -8.538660551953014544e-01
3.104175200965678116e-01 -6.925465715233684705e+00 8.266622786233303044e-01
6.455819514723707186e+00 -7.178662847950345594e-01 7.664618323207266215e-01
-6.911863826947897138e+00 -6.758447152152565529e+00 8.130603903373634367e-01
-3.298314140007522766e-01 1.748275582084835023e-01 -2.618219725708720858e-01
-1.748275582085562219e-01 4.036146361298508234e-01 6.038602990307950336e+00
-7.309685569918986658e+00 -6.281420877486826981e+00 -6.744845263866544371e+00
-1.939478144474147958e-02 -1.146079994464870022e-01 -7.380233458861240603e-02
1.362100074538410976e-02 -4.366304183199597455e-01 -2.890257491428488423e-01
3.900127478438945028e-01 2.832137435246558921e-01 6.543223737598298229e+00
-1.942223396532348767e-01 -6.576467260329712516e-01 4.080566485789217934e-02
1.068181167786436681e-01 -6.180395653866920469e+00 -4.308184127017959941e-01
7.020659820776122828e+00 -3.434141898272735638e-01 8.810507193077847798e-01
-2.618410850303049542e-01 -5.812005618189890199e-03 -5.964800655719249001e+00
1.010061111605194961e-01 2.424080786667284215e-01 -4.696462005101578185e-01
3.298314140006828321e-01 -7.198632743040640491e-01 2.482200842848898970e-01
-7.329080351363670864e+00 4.230094175746057505e-01 -3.298123015413326198e-01
-6.684644817563980546e+00 -4.638533073513428917e-01 -2.720377657192214055e-02
-6.644229848758824275e+00 -1.822076323641382278e-01 1.142891804338098449e+00
3.026276374287903415e-01 -4.172165244157963748e-01 -6.556825625884193265e+00
3.299666973065350922e-02 3.492453079048406517e-01 3.026276374287796278e-01
-7.066520820708757089e-01 6.799032897041934476e-02 -6.046392872975649979e+00
6.021955876202350622e-02 6.387810073293866964e+00 -6.409201844247654378e+00
6.805045710169117079e+00 6.886657039884988230e+00 -6.422803732533654220e+00
