-4.435695223970495538e-01 -1.802602698203165543e+00 -7.290065689711716646e-02
3.983145716212772025e-01 -8.920468752703261117e-01 -2.963695136474177039e-01
-6.437672011003567341e-02 -8.114157631999737719e-01 -5.541299868996206746e-01
-7.473014737342192904e-01 -2.215622267664932865e-01 -4.909574221636193170e-01
8.915908471829613047e-02 6.403394481361208701e-01 -7.008805651620182431e-01
1.301321385920061191e+00 -2.605169438094419032e+00 -1.377994337393159796e+00
1.293681565754619400e-01 -5.517449784904154830e-01 6.744409450591922761e-01
-1.057208887429933686e+00 -1.955937739683540066e-01 -3.662361424898388229e-01
-2.759565373545943001e-01 6.864198023015499750e-01 -8.842697774416397039e-01
2.390400617079606604e+00 -4.346029259282646051e-01 -1.241522423309521006e+00
-1.001668442275077453e+00 1.047221963978005821e+00 6.722132124401684061e-01
-1.269391669912792064e+00 -7.246387288649646097e-01 2.402730469015474379e-01
-2.452975929112588271e-01 -7.387013840649135632e-02 -1.270360936262001639e+00
-9.117139015417640158e-01 1.157627940646611231e+00 -4.633165058821153703e-01
2.615346136300887636e+00 8.702945317360752941e-01 -1.663115806813891262e-01
1.039983477460594274e+00 1.489998806584703732e-02 -4.996803560438675129e-01
4.735825196034800233e-01 1.581969539941356473e+00 6.346124715565312213e-01
6.539243375906546030e-01 1.339000605820751755e+00 7.907099712799644520e-01
-1.132977965860650027e+00 -1.527951983883210074e+00 -7.334800959210362459e-01
4.358974635331385183e-01 6.756483200406682155e-01 -1.623735985160625894e+00
1.871902412234417445e+00 -9.303341440724903766e-01 1.254539685556489648e+00
4.944042254246863721e-01 4.440480743619842907e-01 7.896843002117857058e-01
-2.177759825282211903e+00 -8.742945271123562234e-01 -1.243034270113684975e-01
-9.837198679218451813e-01 -6.646375811892172303e-01 1.180638319911613943e+00
7.009417025368687437e-02 2.531086111222907165e-01 4.928998566201341358e-01
1.364047978982421971e-01 -3.143276072971107893e-01 3.725087030440580871e-01
-1.398855088759797249e+00 2.127312209736061943e-01 1.952660568244263817e-01
4.243496485858822553e-01 -2.138174792379249567e+00 1.755325183937176403e+00
7.725446568903127087e-01 -1.074182776408117990e+00 1.569331921461131207e+00
2.581644348800285371e+00 -2.526786127360575174e-01 -1.181859031963186535e+00
3.486907920939159855e-02 -1.922810054651628020e+00 7.403497286205367178e-01
-1.507876431506142700e-01 3.026534281712963459e+00 -1.394119031332023306e+00
4.662062044553306750e-01 1.980324964874601301e+00 4.229590683121983719e-01
-2.897030329910960655e-01 6.530621036713049055e-01 -5.957359374164539201e-01
7.939032133129886315e-01 -1.556380593196270645e+00 -6.491605694560234063e-01
-3.191036565593546315e-01 -2.468337206157482644e+00 1.686632768322812392e+00
1.936396454996985594e-01 1.390794625312554045e+00 -1.508011671136992415e+00
-5.100648016212949720e-01 2.732543732862151020e-01 1.037891456788195388e+00
-6.100894344764536958e-01 1.986922481343426083e-01 1.143020416702108966e+00
-2.662726229783518583e-01 -4.516550687385091356e-01 8.633944523807370874e-01
-5.753118934542675866e-01 -2.998881694469653914e-01 -5.512740739459948136e-01
-5.582720440324687727e-01 -2.968576412102340578e-01 -1.975145487787685061e+00
-3.143626561276650633e-01 -1.499498327489059202e+00 -6.798750655070426863e-01
1.042159478662901373e+00 4.435165957090708155e-01 -1.635405478282860203e+00
-1.881640813223423470e+00 -2.256791414346170921e+00 4.852825745526464507e-01
1.014590206327754540e+00 -6.219283657377597807e-01 2.031860354586545458e-01
-1.277499626243461694e+00 -1.119258048913889914e+00 -7.216250594745288183e-02
1.375073529583308085e+00 -1.201763673980661196e+00 -8.328041559139132133e-02
-1.713649407022539206e+00 -1.384620530051821286e+00 8.112636831902412249e-01
-2.850411762380158809e+00 -8.687496505096713451e-01 1.006681730070126735e+00
1.587079059315756879e+00 -9.578954198471482107e-01 -4.144993777335336804e-01
-8.300661820991240836e-01 -1.104525537593577633e+00 -1.150938716384124039e+00
-1.272542570311838039e+00 -1.053949432681639875e+00 3.757058216498949665e-01
4.447425942106442154e-01 -1.296076580249580612e+00 6.333667975348423740e-01
1.905070299488208718e+00 -8.001010944282830328e-01 7.844947975153887532e-01
-1.211393241844138796e-01 1.652006409002089615e+00 -5.692223913017084858e-01
-8.112359843492619182e-01 1.165065956197837371e+00 -1.632934102586508507e-02
-1.783391364220018094e+00 2.140318636897546867e+00 -8.804634180891273143e-01
-9.441519038607170122e-01 -1.166567571965102967e+00 -1.585382230203856713e+00
3.813008217656777554e-01 9.787814510441054106e-01 8.295728423763351067e-01
-2.579938647720048106e+00 2.157778737606203201e+00 6.404569736425850257e-01
-3.874788104292239410e-01 -1.896059763571895429e+00 6.181947049312603859e-01
1.369579291156854062e+00 -8.141490874003046718e-01 -1.991398709339808004e+00
1.228780527790690746e-01 -2.161255406010132718e-01 9.275460206381961337e-01
1.492370586643374797e-01 3.566713918389589622e-01 1.344452072127598541e+00
-2.681264224817518360e-01 -1.924288959099097474e+00 -1.684517533827521382e-02
-5.489233711890573186e-02 2.155116698004730491e+00 -9.202320258380172202e-01
-2.027609704168183757e+00 1.259253271002116037e+00 -2.233664275095874618e-01
4.716648722153000128e-01 1.118466632607249656e+00 2.811553699746311530e+00
7.399739480750576748e-01 1.040946688690781441e+00 1.211340568378136640e+00
7.249030003302832093e-01 2.607388330545261645e+00 5.518127739970842827e-01
-9.331114203797395978e-01 -5.697229067081909237e-01 4.999170232259944058e-01
-1.240176519259724941e+00 -3.089775995666901864e-01 1.265961894253041953e+00
-5.161227158035738283e-01 6.060916349590630414e-01 -5.763958457808198155e-01
6.565400596010533274e-01 2.363929952312689847e-02 -1.840982204603992756e+00
7.630184266641097945e-01 -3.513326930317980379e-01 -9.820039023680895429e-01
2.168819895442676560e-02 1.776861233393979500e+00 8.631828869500981494e-01
1.971232370598753059e-01 1.323296468683047733e+00 -2.846372051410034354e-01
1.566951678194158926e-01 -1.262586829027609214e+00 -6.613977991824866454e-01
3.010082792400684548e-01 7.872166140308568538e-01 5.048082974399206724e-02
1.259225464179927201e-01 -2.728126094416429837e+00 9.355131582227653730e-01
1.348394468492716547e-01 -5.466073473765290514e-01 -6.239886616325527324e-01
1.761707310125680825e-01 3.081169627927902721e-01 -1.549950014803327392e+00
-2.886019110812025334e-01 2.230336986204677074e-01 -6.815760877145056185e-01
-2.529270979493286609e-02 3.770721766016851828e-02 -7.525930746719765585e-01
1.042537134892841943e-01 -6.325603048450361143e-01 -3.768228951615023581e-01
-5.151117404525457077e-01 -1.278128467446553840e+00 1.052510686231246551e+00
1.987341315375188988e-01 4.691975604350481777e-02 8.659731855763752595e-02
-1.943021856842345740e-01 -4.041612602051402048e-01 -1.157315752246967477e+00
-9.964124224230814786e-01 -4.078884280639196169e-01 -7.871629314716866999e-01
3.489905145049340129e-01 4.147942305952807551e-01 -1.219049348132659416e+00
-1.858119091574561121e+00 -5.737927123816630726e-01 3.612542457751200531e-01
-9.355001964572178252e-01 -7.648503104670695274e-02 -1.931731171483165588e-01
7.022328527151444622e-01 -2.267919331946764983e-01 -8.044637504751485091e-01
-2.435380325697577841e-01 -6.347180759914078374e-01 6.794698602970481449e-01
-1.268143518716690732e+00 -1.077602405711497680e+00 -4.552591006411659813e-01
-1.710449936582567831e+00 1.270212636852487975e+00 1.373203302618584809e+00
2.566006048074512824e-01 3.765913029777815946e-01 -1.584837293538517322e+00
2.211721876262061071e-01 2.914253319612104542e-01 2.169267048636949191e+00
-1.125167409614884262e+00 -6.179112032312784608e-01 7.105593100849160182e-01
-1.952300500156769758e-01 1.090770027671815051e-01 -3.062735222879234831e-01
5.771119400716691050e-01 -1.049023429585747680e+00 8.893361651137060564e-01
1.140257816018672932e+00 1.188641067045858257e+00 -6.833827720526466365e-01
2.901598595288234494e-01 -8.925346226123386240e-01 -2.954866073935052614e-02
-1.278424832434205682e-01 9.167014990122368534e-01 7.398218849170482003e-02
-4.481412012217322882e-02 -1.067030634845179238e+00 -8.686247533089681144e-03
-3.307915110834838690e-01 -5.429940866230907881e-01 1.802699713712663798e-01
3.474676373913035410e-01 1.259560924768005519e+00 6.429746783955854472e-02
-2.196860511277917427e-01 -6.221130631750155793e-01 -6.922966960063562381e-01
4.573571364778284409e-01 9.323613759897815267e-01 -1.619040146349035592e-01
-1.402318410550004446e-01 2.827937594197564922e-02 -5.068306239469316798e-01
-2.484317039373449276e-01 1.227078854186074652e+00 1.357215420972270659e+00
-1.141754728762191862e+00 1.972365078151786744e+00 1.519585090853979192e+00
-8.211067236678168957e-01 3.402789966100598917e-01 5.278004946499326167e-01
-1.141960347273798693e+00 -4.909665104310951822e-01 5.533888600612424380e-01
-5.592715577788103243e-01 8.576426072314174975e-01 5.221388120727032955e-01
-3.868616060841492121e-01 1.468461807258238716e+00 -1.944706874761900517e+00
-2.318690382235544523e-01 3.959396873139988116e-01 -7.981492480191336725e-01
-1.320770802462474802e-01 -5.180712014054047465e-01 -4.304604217459067628e-01
-4.655792478481945995e-01 -2.248683501818942609e+00 5.966239702759830177e-01
1.302129389051628783e+00 3.759447598850887973e-01 8.945583376258959829e-01
7.850630496806546565e-01 7.978488716273947068e-01 9.770736502540497970e-01
1.102530649959579057e+00 1.344679461642554807e+00 -5.257937925903483078e-01
4.714575523118978984e-01 1.099386469779712217e+00 -4.609482810234100669e-01
-5.915361529676688157e-01 2.034559285959901542e-01 5.126693280214588144e-01
-3.797634253291772843e-01 1.719723010146191111e+00 1.031801908190941308e+00
-7.282070302106360415e-01 -5.969578380555767838e-01 -5.818720573177281752e-01
7.952922926606048604e-01 -6.706647554793064570e-02 8.019950065103780279e-01
-9.123797360992451366e-02 -1.120655474454592460e+00 -1.256213940054178302e+00
-7.393911480448741580e-01 1.159020018843284427e+00 -2.624752177859876467e-01
3.917927247431344379e-02 1.990499216256019333e+00 2.250467648073912752e+00
-1.446627001306154625e+00 -9.847394730160375920e-01 -1.042373274062359245e-01
1.691397618155985327e-01 1.171285717401054693e+00 9.666893060929849790e-01
-2.128162182135846237e-01 -5.138737513472054763e-01 -6.961281744013699813e-01
8.933991090030147797e-01 -6.020066960296605041e-01 1.217737899436957205e+00
-6.962800460403022473e-01 -9.226076876212102595e-01 -1.468078996664429647e+00
-2.294004713939758133e+00 6.880323616017718080e-02 1.155168819230819377e+00
-1.615339370484434767e+00 -6.662756153511237289e-02 -1.153937983474150775e+00
-1.428437071526376334e+00 -5.981363600064520947e-01 -1.564688069690076677e-01
-9.267328038535819212e-01 2.665927583789941546e-01 3.012579107281411761e-01
-1.041848119915173981e-01 1.000334435634601782e+00 1.116559108441579795e+00
5.614624929860534408e-01 -7.024771365435806825e-01 3.909109019726104695e-01
1.331915827869422975e+00 -1.450027202348116440e+00 -1.107792554801687174e-01
2.308770085366491198e+00 1.037823265173298815e+00 -1.141501226199621799e+00
-1.420298742602827957e+00 -9.000354864295466717e-01 1.392936150258996308e+00
2.582346918349135656e+00 2.166604473534241848e-01 -1.351018658123448679e+00
2.940060712070677873e-01 1.915671929016602160e-01 7.631326048433700882e-01
-9.525567502303438072e-01 3.611194658001136149e-01 1.008767036932192163e+00
-9.482159539203608434e-01 1.127518888072329251e+00 -4.826985361673106767e-01
-3.172299670132243121e-01 -1.887376030958875850e+00 -1.178897909115250164e-01
-1.009744331118765936e+00 1.246235128263730729e-01 -7.577629369121670067e-01
8.773573444537106081e-01 -7.651075925990624693e-01 -3.927425701375122369e-01
1.509550791071911702e+00 -1.291224074031747771e+00 -8.848688305465277626e-01
1.065710054104834770e+00 -1.471934477021214605e+00 2.008450638167362245e-01
1.385823214049183516e+00 -1.350856506395499812e+00 -1.021447285456189791e+00
7.708214554897229176e-01 3.142340850098936933e-01 8.702698486079629703e-02
-1.909550578974380963e+00 -9.133832884972011845e-01 -1.251453236656547841e+00
6.108821660510881379e-01 -3.681231636518232375e-01 -1.962639558617977009e+00
-3.004927659323349820e-01 -5.957017601598156853e-01 -7.481152434120649231e-01
7.801369356758568463e-01 6.477755954724020437e-01 4.028449273803022535e-01
-5.217663934097034328e-01 -2.592445477636950102e+00 1.078487955397566145e+00
1.392465923916294424e+00 1.293897946639616547e+00 4.052601569360054778e-01
6.593465658322246181e-01 -1.756521872532328610e+00 -1.161537371541055519e+00
-4.155094603310863222e-01 8.954691814337438771e-01 -9.118704254997864744e-01
-3.523901049314835388e-01 4.760709764996607363e-01 1.171807850775644644e+00
-1.107002095146471854e+00 1.797433209948721411e-01 -1.539174588679249334e-01
-8.992003482031816208e-01 1.050438466327767051e+00 -1.746522387948582722e+00
8.482587482078254304e-01 -4.947651256447164747e-01 1.514947372422187633e-01
7.286261832785284609e-01 1.428448532075829967e-02 -1.322591180328631211e+00
1.361807093702226412e+00 -6.059985654306666580e-01 -1.673329688798128378e+00
7.591061677657792162e-01 1.113883206633107470e+00 -2.438475742778912492e-01
7.801323051080785165e-01 -1.065037159286055912e+00 8.691657694098945397e-01
5.778899296827948451e-01 -1.811104856724255141e+00 -1.768283747099194336e+00
-4.366061249250986487e-01 -5.093283080659988249e-01 8.474250693770063458e-01
9.651869211769964485e-01 1.574379860573381362e-02 1.558812722224940162e+00
9.647362352279668582e-03 -4.308755867255059657e-01 1.325620966682915070e+00
-2.139664123300412946e-01 -7.059944171183913930e-01 2.808038443857550220e-02
4.582388698873860466e-01 -2.115255411480594303e-02 1.508112543576475284e+00
6.648325410376603184e-01 1.539487173493304661e-01 1.625089692276461273e+00
-5.090780596512164413e-01 1.389773396807818084e+00 4.410559952885088064e-01
-3.754241666046435055e-01 2.299507035468683069e-01 2.185544126024469680e+00
-9.713394942759493444e-01 1.741365980260543678e+00 -2.712253047106502613e-01
-1.141261648550139896e+00 4.334461288897351050e-01 1.010979601401601341e-01
1.555096165345453973e-01 3.261282274196424247e-01 -9.063282110131630764e-01
1.087616466413720423e-01 2.239935112568179898e-01 4.220260203186713133e-01
4.401894612774662763e-01 6.152575000544405759e-01 4.623038808443503123e-01
-4.684710399062018693e-01 -1.011328991197349758e+00 -2.273909752114929017e-01
-4.240414679596754000e-01 -2.557144151243672114e-01 -9.845975086335703175e-01
-8.603349194419138146e-02 -9.580896664645673910e-01 -5.128723858441134320e-01
-1.099108847425755542e+00 3.750842796544306967e-01 3.516834171445064050e-01
-4.660121948478430642e-01 -1.768410192432610550e+00 -3.798555506048008290e+00
1.857580571968186489e-01 1.778433766134841054e+00 -6.164853200334416972e-01
2.446662553659378236e+00 5.687433066497527001e-01 5.754553411327411050e-01
-2.257479689973388215e+00 -6.095685688565605220e-01 -8.395599554288573074e-01
-1.053126255358596497e+00 -2.774310805454913154e-01 1.168629262580343831e+00
1.713021564647883299e-01 -4.101268118861701728e-01 -5.295286186890492131e-01
9.926372333394659631e-01 -3.765708083826730390e-01 -7.728847483943689367e-01
-6.194314097103117422e-01 1.516437431744680708e+00 1.205390065110271136e+00
-3.748363716954957181e-01 -8.727972631057387964e-01 -2.763952681816870816e-01
-8.533599708007977291e-02 -1.948878251624908131e+00 3.802588813736110795e-01
-8.579267578887231904e-01 8.416145927111656766e-02 -1.350840604224327612e-01
-5.772598271115684243e-01 9.951213505861346009e-01 -3.395516456127649074e-01
3.267292257219574503e-01 -3.712303476192908569e-01 -6.233513445758458449e-01
-8.863242915133008326e-01 6.934055575008662986e-01 1.179453846634117564e+00
2.032361834223468833e+00 -1.457457768737847326e-01 -1.212027302666925266e+00
-1.796251689229248216e-01 5.604374225202960469e-01 3.410076174805246607e-01
-1.299978336960956993e+00 -3.368987443218863231e-01 8.868304781377485124e-01
-1.107659402287357375e+00 -7.140993958921166840e-01 -1.167880978807128711e+00
-8.521587758010407132e-01 -9.218551075109961968e-01 -3.815931548039298155e-02
8.313938547417969449e-01 -1.628835432766017333e-01 7.357823831283472060e-01
-6.531551099467770571e-01 1.664860248054237601e+00 1.309240395790740030e-01
1.078728734752915752e+00 -8.668443456478037712e-01 -1.889621008628879772e-01
-8.533149240483233200e-01 8.200058485729730395e-02 -1.536544086155772648e+00
-5.469969924434358033e-01 2.134390631009727146e-01 -9.921743738898751719e-01
2.915995531724166590e+00 -1.568870715939997718e+00 8.964835149947077975e-01
1.094243978702554854e+00 -1.095608494331787197e+00 1.312192181117303180e+00
3.479948205137990969e-01 9.663184713368579981e-01 2.071391760729309195e-01
-1.102125174804241325e+00 4.777015850459438995e-01 3.867013991074994550e-01
1.252492244389965224e-02 -1.816703522428457784e-01 2.180385530231086222e-01
8.206801609344096526e-01 -2.974463881416483657e-01 -9.633614613277136085e-01
3.737133361047121349e-01 7.766108543991381286e-01 5.664866370772611015e-01
5.083561754629497553e-01 3.888711088353539735e-01 -6.199698024918264272e-01
2.521659697812415946e+00 1.175359286623213206e+00 -1.698226940986502509e+00
1.314433091584584101e+00 2.648958869326436094e+00 6.263094035178226049e-01
5.513009653185726305e-02 1.174260721516114103e-01 5.855635239976878653e-02
-1.146723264320454794e+00 -2.288223528756703207e+00 1.538321283934102501e+00
-4.699129003351981693e-01 -4.086989456242072771e-01 -7.169326458880023178e-01
1.002121957090995830e+00 2.383003726088340490e-01 -3.262245590783470761e-01
1.015851953306054378e+00 2.265042678475495952e-01 6.448197248345396426e-01
7.767733007411367074e-01 -5.338031381113543805e-01 -1.569799303010270153e+00
-5.364912428628463292e-01 6.727249155691134019e-01 -1.448336512533501264e+00
2.335837968725159808e+00 -3.268318284840775884e-02 1.714314294248468151e+00
-8.179506278524172058e-02 -2.143902826936426642e+00 -1.052697301378311689e-01
1.106994310700012862e+00 -9.619240624641690607e-01 2.063142895333811566e-01
4.705823016225689215e-01 3.317500589944085143e-01 1.792709503160895279e+00
-1.399773812220000968e+00 1.644816254355376373e+00 7.551199251412358260e-01
9.815439362009188706e-03 9.703007200583633196e-01 2.076178760194167250e+00
3.656180859540303918e-01 -3.561358201194274598e-01 1.102504258455846653e+00
-2.048909952627304687e+00 1.864659145912099247e-01 -1.026895219715027840e+00
-6.824580606208894284e-01 1.009507679521907786e+00 3.676524312333827593e-01
-2.052139235910027670e-01 -1.202720917040729143e+00 8.483262036310561527e-01
-2.689239598166794920e-01 -7.238156885850536293e-01 -1.257624706294100836e+00
2.366144034276862484e-01 -6.359813023883879035e-01 -1.112288294790577670e+00
-8.159882129403898121e-01 1.020423857641791443e+00 4.102264126423169621e-01
-2.318138702232407367e-01 1.220131793426877165e+00 7.053225914985395972e-01
-1.595251867611740537e-01 1.450960854635492403e+00 1.850058157120141322e-01
8.231502843457476348e-02 7.153804528679069685e-01 -7.506322656646058356e-01
1.511971435338642422e+00 -7.275711358549685759e-01 -3.077661758265148317e-01
7.763631939355140066e-01 9.791329395678802783e-01 2.942993816747221381e-01
1.228154402712739124e+00 1.205547048646962827e+00 -6.725870349495585154e-01
-1.594596472300854106e+00 8.883384154992950421e-01 -2.436308377705651007e-01
-2.678777970304940248e-01 -3.978906970439138324e-01 -5.644464120052127276e-01
1.326293463011672724e+00 2.918910881968970750e-01 1.630178653135633260e-01
5.653168535263091155e-01 -6.879675068343071853e-01 -4.550322281312303985e-01
1.271895172703100263e+00 4.750973305783595113e-01 9.324663642648115536e-01
-5.902057019790798442e-01 3.599861124785267985e-01 9.728268371207596799e-01
-6.338123704261221514e-01 -1.487456963617537209e+00 -1.267671396506641956e+00
-1.499907013965399605e+00 1.932186148054895469e-01 1.098619965772567264e+00
-2.621120444719923781e-01 2.023455993543038289e+00 1.180615431790364100e+00
-7.897834701486342590e-01 -3.349208821728555940e-01 -1.771757651545253553e+00
-1.093598848235799004e+00 -6.070074133968167418e-01 -1.363606991513917899e-01
5.063151410546882225e-01 -5.987202092983486823e-01 1.080805257597640567e+00
-7.536790514211532122e-01 -3.510861972193491387e-01 6.591953503246773538e-01
-2.064350937282878551e+00 -3.214540832565576656e-01 2.130726344822070129e+00
-1.752485434119992913e+00 1.448832570473982173e+00 -1.759595377713226881e-03
8.806198414262408347e-01 -1.628447473860722194e+00 1.123036663258036721e-01
-7.734573544594810501e-01 -1.744276172169859918e-01 -1.478454209966936439e+00
7.798421849608200285e-01 -1.829585546288395426e+00 1.115739394581763522e+00
1.975100386317363732e+00 -2.302036593577902190e-01 3.732753738677120348e-01
1.411001953926770858e+00 -5.623691469005064059e-02 -7.199065378975810781e-01
-2.852768330004279984e-01 -5.271444150691841912e-01 1.493532733644028776e-01
-7.150177163629749533e-01 -1.182908385932910367e+00 4.416656048009672819e-01
-6.178388950759423626e-01 2.011647671708937324e+00 -5.217581892807445776e-01
-2.012432410843488118e+00 1.012281842513986119e+00 1.565470774435826939e+00
8.332639581086899172e-01 -7.886432108980009348e-01 -6.032523666023239528e-01
4.784408942608681103e-01 3.385738670533786077e-01 -1.181163550534891638e+00
2.327799567815237169e-01 8.806728159229272324e-01 -9.681339445227355595e-03
1.685248569669142826e+00 2.146207989798588622e-01 -1.044309133722097105e+00
-4.378649699432952125e-01 4.393437642795394171e-01 -1.349892290881143653e-01
-3.139923066489753722e+00 1.012320495974819767e+00 -5.403835060876861496e-01
9.965809875230509096e-01 1.701992345562997055e+00 9.181338172082312843e-01
4.994031963605720104e-01 -1.012793033110269691e+00 1.339953939932592597e+00
-2.843607866492900427e-01 9.394817211806831825e-01 -1.618703279349016810e+00
-3.890737041615047742e-01 -8.018323283223700582e-01 -9.631418670955168571e-01
-6.186823168859190841e-02 2.581692057531443374e-01 -4.663956882401135706e-01
-5.400374683934572317e-01 -8.428198297701621211e-01 7.022307986259979096e-01
1.546594397278816091e+00 1.008542274603988487e+00 3.375123169393159234e-02
-6.608904395983121460e-02 -6.586291490729212494e-01 3.740097080980269717e-01
-7.111919689607928419e-01 2.597644748399615011e+00 -1.047640843985651493e+00
5.014440111470450656e-01 1.102913862106863707e+00 -1.133341564495271125e+00
-1.273746061938876739e+00 3.085175320988743919e-01 -3.133114711005147157e-01
1.292023113719311112e-01 3.721920478009450584e-01 2.783681916233439413e+00
9.960786130877272715e-01 1.867804241957631006e-01 -3.442019264329387318e-01
-6.292549787103042247e-01 -2.181898591676932342e-01 -9.977188278770278140e-01
-1.901851657445026988e-01 -1.410636737339284075e+00 1.696539351828311393e+00
-6.485561350359384525e-01 1.223106628637088189e+00 -1.774190322141851350e+00
7.717525857805510592e-01 1.698061152294397358e+00 1.242319324476864606e-01
8.457157191038434663e-01 -3.730228122239434563e-01 -4.302775636216344401e-01
-6.284987066457389249e-01 1.261430332299415147e+00 5.809640877692531097e-02
1.179694202421059490e+00 -1.465581595642099888e+00 1.064041444343351239e+00
-4.804337314551550553e-01 1.369971913722259682e+00 -9.759445525912277541e-02
-5.196730569795682264e-01 1.536365287566784144e+00 2.756093314849211051e+00
1.062890776376102631e+00 2.059182294395645041e-01 -3.398866036070530838e-01
-1.680912902443120471e-01 6.403096066675903475e-02 5.613950523092847700e-02
-7.461632833249580710e-01 7.049718031777730820e-01 -1.711153841681426702e+00
-1.306263757831687133e+00 -4.600722445118569093e-01 4.783691381373637169e-02
-1.814125664707538776e+00 -3.883683012372836640e-01 1.548828965599801988e+00
9.324346399182743550e-01 -7.857558075556823063e-01 -1.201779990297478840e+00
-2.873618000687594987e-01 4.119939301086222166e-02 -7.430377647295851595e-01
-1.054299243159451394e-01 1.131524017076862787e+00 -1.616417341298360955e-01
-9.190650495276367349e-02 -3.980737752712916744e-01 -1.244212191653743416e+00
6.039295782397881007e-01 -1.935513853814476576e-02 8.696626482252926005e-01
-2.350858184486522007e-01 -1.014277164086751615e+00 2.771949871631612106e-01
7.005323364526446772e-01 6.349134092083209557e-01 5.868566998911102228e-01
5.300306006086975136e-02 7.008378433547001185e-01 -1.320233593947520434e-01
1.247264983602288657e+00 3.239817846868773277e-01 -3.237690655340744517e+00
5.854034752184298501e-02 -1.136431884203583653e+00 1.170412635700543769e+00
1.892194620304391006e-01 -4.651937174205022507e-01 8.900411350481828299e-01
-8.155952707545507385e-01 1.224639935057230261e-01 -1.247995253587377423e-01
-2.773294766452896742e-01 9.036388661250416288e-01 1.913443169264406607e-01
7.618062887565844876e-02 -2.933604272128791102e-02 -3.559263257497642940e-01
-2.089429505597424075e-01 5.651035071669116006e-01 2.059680893524851453e-01
-2.090764513064951924e+00 9.962341698905878840e-01 7.253591875792417820e-01
-4.677541178289322810e-01 -2.007295307449318000e-01 -1.495125417947619884e+00
6.589978888024222714e-01 -8.586754403863897656e-01 -2.155788008608368056e+00
-4.140994626914659138e-01 -2.175422582856834541e+00 -9.855579561622943574e-01
-9.575341027965270646e-01 -1.391284767401779476e-01 -3.924706081996690576e-01
-1.663448084886546940e+00 -3.793929536221675169e-01 -4.019586541466829144e-01
-4.839694680483844769e-01 4.730774306516744021e-01 1.464810675665829898e+00
-1.633383667259789451e+00 -1.101193182874351750e+00 -7.604547619246884160e-01
-6.016357714653713940e-01 -1.722129556198830791e+00 9.560150462981678032e-01
-5.857268044376435778e-01 5.769664431658743098e-01 -9.450928763252476328e-01
-6.252087495736038392e-01 -2.240788245392897338e+00 -1.598292771972242177e+00
8.465891221943239175e-01 2.982502708251433265e-02 7.312541647482442286e-01
1.597596276890174138e-01 1.004128477331569957e+00 -6.955484005905406830e-01
2.028686612292869285e-01 -7.660366620519316605e-01 6.530123920913364355e-01
-1.750834126842290894e+00 -3.900749273130579842e-01 -2.054321197880267791e-01
-1.891277500237601578e-02 1.401357461375044133e+00 -1.692318415756895733e-01
-7.729775886828161857e-01 -8.850391704813941329e-01 -3.235011567957634337e+00
-2.988160091568439203e-01 -8.745601029653824465e-01 4.803744964139861628e-01
5.428292882814310660e-01 8.477029158718595303e-01 -1.068447237474675848e+00
1.876260582708155211e-01 3.403414225347380362e-01 1.280526144647295084e+00
7.861585725161582827e-01 -3.506312570907036963e-01 -1.544048993664120184e+00
4.167708913971329143e-01 8.615042695824073893e-02 1.308891126412066175e-01
2.084382435032582914e-01 1.883264561799587566e+00 -1.333139636026550834e+00
2.197753951311061993e+00 1.687663876219045733e-01 6.160132006407855743e-01
1.723099958014332689e+00 -1.910703132305146656e+00 -1.133896738969728313e+00
4.545163100922117727e-01 1.345473994074594670e-01 4.306715037527009127e-01
4.843085976189486774e-01 1.586403099428744579e+00 7.797354678886839752e-01
1.870559217772485461e+00 -3.803837906056639628e-02 -6.693415570944912796e-01
9.248428130623354004e-02 -2.651201602782441991e-01 -1.895402998388223015e+00
5.137909864056904308e-01 -3.695842157420890089e-02 -1.086793356334231353e+00
9.584737948448269762e-01 1.365176957945543057e-01 5.276999832132805990e-01
5.269897074471341369e-01 -7.190855081510698632e-01 5.271524816980473205e-02
-1.087016219044006693e+00 8.049978069209783316e-01 -1.567718881030491174e+00
1.000221977223945541e-01 -5.818571599644855041e-01 1.634639280555166274e-01
-3.702906819463624988e-01 -3.701764196430771259e-01 3.049345366731656126e-01
-1.441065070433074913e-01 -1.787518053522465511e-01 1.234684765200536383e+00
-1.380126543550461438e-01 3.486459387829956014e-01 2.637385894539506226e-01
6.026881413123523767e-01 9.306079327148352176e-01 -5.086968121261017384e-01
-3.164733506580475475e-01 1.354286371365218011e+00 9.170644566759407201e-01
1.014681428945782171e+00 -1.161018462910452298e+00 -7.976563497729041163e-01
-4.217435672791041701e-01 1.698097439182255086e-01 2.335794472080039152e-01
4.139134887444839705e-01 -5.258717053092990534e-01 5.997185994929440933e-02
5.180080305094847404e-01 -1.612396260677875781e-01 -1.546815053121623817e+00
-2.760458516169156384e-01 -3.430096644044722254e-01 1.764800748382656215e+00
1.062435552687038154e+00 -8.369923717543801267e-01 -9.865736631230147546e-01
-7.267015014464663913e-01 -7.626352010130800219e-01 4.183482673606486180e-01
-1.779844356973270814e-01 6.826884570332845126e-01 -7.060432664252770385e-01
-9.092846798240912243e-01 7.656625479248273247e-02 -8.682556899134813433e-02
-4.185465466144954738e-01 -1.865106953520280664e+00 1.475399653215590523e-01
4.790477066780596260e-01 8.325477584082817406e-02 -1.305922280345723774e+00
9.000706262642552691e-01 2.172782474858716117e+00 3.184567986240433579e-01
-5.884286548758165258e-01 -9.391592275417909308e-01 8.919603417030098624e-01
7.345403888361070610e-01 -4.828434784600426632e-01 -6.630169144829642924e-01
-2.131154346979158731e+00 1.670040472671061815e+00 -1.336034025123172375e+00
7.903618031633393229e-03 6.435408673709814842e-01 -2.318608153484431167e+00
1.688394242365677256e-01 5.354066749980618267e-01 4.771224567315206500e-01
1.079784432071750455e+00 -4.325519897460053942e-01 -1.303241515977632936e+00
4.819328474350700886e-01 2.606342488093659204e-01 1.473380767387419743e+00
3.375705397690021980e-01 4.531518453424492887e-01 5.156364547478132776e-01
1.368826220757483947e+00 5.925787349064369769e-01 -8.681616945847394629e-01
-6.922348618020439659e-01 -7.608972805470717304e-01 1.667321057437753662e-01
-1.022561676500059580e+00 1.454101480394061729e+00 -8.645850663773125833e-01
-4.121283122541974375e-01 -5.991775728539336932e-01 -1.189995396913322789e+00
9.736272013480168352e-01 -9.989847264366906732e-01 -7.428088146770651934e-02
3.772781507615554641e+00 -7.845128051710369421e-01 1.537256529359170454e+00
2.540657356344131965e-02 -1.217340434500715052e+00 -5.052562618268966466e-01
-3.397574567765587576e-03 -4.448708495781717592e-02 9.405265093984820357e-01
-2.187055683861301780e+00 -1.196687020372495525e+00 2.433924694208816852e+00
4.186156154649895988e-01 4.871982788644533824e-01 -6.490032045591755949e-01
-1.486561586708800009e+00 1.197924416051604490e+00 7.164098973676541471e-01
-6.106533138976444341e-01 -2.160941358389191880e+00 -1.230082235727664619e+00
-5.229365183119337734e-01 -6.478970544436380985e-01 5.332376826941601644e-01
1.478106195509369059e+00 1.433764128654512637e+00 1.582927638260517522e+00
6.467419890055331466e-01 -1.648019843970950638e-01 -1.671123447626932101e-02
-3.343770025806855339e-01 -5.357307836869257267e-01 -3.366532025503753967e-01
8.370656424017947073e-01 -1.095488571685433010e+00 1.196374223841007112e+00
-2.629134911401982966e-01 7.143110565727586181e-01 6.118194099585315682e-01
-9.415963906119187987e-01 -9.725503177435779190e-01 -4.170804156412924457e-01
2.274563351879730633e-01 2.889473019543253418e+00 -4.854073606454873402e-01
-1.157206575994162122e-02 5.168714795008529789e-02 -2.317332648205427392e-01
4.576763213658702201e-02 4.110519264648271887e-01 -5.435231537276749014e-01
-1.356185272349734960e+00 1.397518178460758431e+00 -1.282819374012361680e+00
-1.077429571407554354e-01 5.543727862949888729e-01 -1.829727200329882564e-01
-7.797162378145842954e-02 -1.046264267608287613e+00 -2.091308122516956358e-01
7.639812367731807496e-01 -1.419600000273432583e+00 1.353219065290433010e+00
-1.359498124961776300e-01 -1.421381671593070495e+00 1.492938633686265337e+00
-3.073152856541507272e-01 -9.372715738399486352e-01 -1.019042968537008376e+00
5.690871578443178029e-03 -8.409060916784988349e-01 -4.411727934491717351e-02
-2.081619850213616008e-01 2.297899512240431985e+00 -1.299497779084813009e+00
-8.222523249486275443e-01 1.949157494781318389e-01 -9.215515722079450911e-02
9.798579183557141192e-01 7.503757460081335040e-01 1.267669344489631200e+00
-5.838215576052108169e-01 -9.628446244531170262e-01 -2.323773004589762547e-01
-1.733325811757550905e-01 9.238749790073627066e-01 -8.819091906680089910e-01
7.371369359349272399e-01 1.330513648919724679e+00 6.532295584653663445e-01
-2.189969273099012348e+00 5.125050483978987881e-01 -3.056538723843855720e-01
-3.568806367219625186e-01 -8.459253764824191668e-01 -2.051925411158455503e+00
1.971882112332508319e+00 1.565864786624433291e+00 -8.299031336986469887e-01
1.219922919193872600e-02 4.342695420654297811e-01 -1.852732490194924364e-01
1.012785635044704868e+00 -3.964827716394528911e-01 -6.507956870770430502e-01
4.615243296909933846e-01 -3.295497446029055921e-01 -1.687396680416325845e+00
-6.131325996096989028e-01 -1.961588763718472017e-01 1.423153272913102452e+00
-5.533273512076075651e-01 8.031870985420019871e-01 1.384470504566304681e-02
1.089460213141327349e+00 -1.680648172328788492e+00 -4.644381907555757416e-01
1.978717877952131721e+00 1.972291647326141595e+00 -2.702794701372074337e-01
-2.417361171649267948e-01 -2.331190594255442949e+00 -9.293371622595488768e-01
-7.858577261213421927e-01 5.214197271882904383e-01 4.661157181070114119e-01
7.759432439665779613e-02 -4.551855843459742257e-01 -5.693001733205218517e-01
-7.237726493037831277e-02 1.125190731919397225e+00 -6.548834116847072062e-01
5.007599652361474085e-01 7.517424239393907248e-01 -1.204420219036594242e+00
-1.038435082257626929e+00 1.447682360199700646e+00 1.706715375708489413e+00
-6.898703392076668273e-01 -1.401710524318806710e-03 1.846423441466389370e+00
1.249798656388038331e+00 1.169079890578704539e+00 -1.465549045623371960e+00
-5.737496213763556563e-01 4.778784477604305359e-01 1.221830749772560232e+00
8.813305983192631921e-01 -7.423022479256656814e-01 7.042541576715916074e-01
1.717336966350767824e+00 1.641208610365831877e+00 -1.634503809408314856e+00
-3.369352421506422585e-02 -4.839196902167851033e-01 -1.229607554691102500e+00
-8.268630216987250814e-02 -3.690296031886234340e-01 -1.034393016608196714e+00
6.649295425743631527e-02 -5.653488584868811007e-01 -7.880020392887676639e-01
-1.117297642893584797e+00 -1.135257081463064033e+00 8.425698809623926033e-01
4.237858483064886883e-01 3.656927112102167921e-01 5.205974552357560681e-01
-2.503703057898358786e-01 1.665997630285524500e-01 -7.948164428604060916e-01
-1.130705542378606793e-01 1.180373004773638407e-01 3.394399030021236219e-01
1.062905321237777034e+00 2.125617919051695281e+00 1.913871928728794636e+00
2.070628164087215062e+00 9.210749248127622080e-01 -3.916378257442536537e-01
8.017135387111037348e-01 9.615239905411349444e-03 -5.732333483593993195e-01
-1.832048948355632090e-01 -6.134401291782686227e-01 -6.128850363794423606e-01
-2.079944881701011994e+00 -1.028060236581729070e+00 1.055028180274431016e+00
1.301953388865283001e+00 -1.176861971762576786e+00 -2.711368970181119442e-01
8.251246496569757394e-01 -1.693229912166640538e+00 -4.598036748547466579e-01
-6.101306125469897479e-01 -1.384824166958862790e+00 -4.003851125788974730e-01
-8.144393080619813929e-01 1.313492530933154878e+00 1.404225788694519084e+00
9.681618319574971654e-01 2.051895093976236761e-01 -1.521118282304812608e+00
4.302141738648513902e-01 -4.782591971871605896e-01 -7.683068334936432597e-01
5.671189500332983746e-01 -9.526216758810823748e-01 -9.381748921905067595e-01
-1.085483368139935623e+00 -4.280144198801834853e-03 1.088632202415615868e+00
-1.108281137308082309e+00 6.358252169163366441e-01 3.555212046387690727e-01
-7.397804854212497450e-01 1.225728978950304304e+00 -9.420015568620473401e-01
8.234114505399945383e-01 4.041622723015828034e-01 -6.380560291209355639e-02
-1.085869912012340732e+00 -4.105135446331953930e-01 -7.809294695031387956e-02
1.211515340837772570e+00 1.479346004132759518e+00 5.921984371433149930e-01
-6.243809270495637165e-01 -5.100793951109285906e-01 -2.607114710321227213e-01
-4.717662869870204445e-01 5.863480917226414624e-01 -9.898613106680805851e-01
7.270393861608923092e-02 -1.122064315232088827e+00 1.023871012488619225e+00
-4.079939534765603670e-01 -1.738988688894747003e+00 -5.060261379388547587e-01
1.176600576920394881e+00 -5.237645464496584191e-01 -1.086655580630467854e+00
2.696327311092864415e-02 -1.076721045080299310e+00 3.122975627720563363e-01
-2.926958635955285160e-01 1.239529583252636291e+00 -4.601777023628835783e-01
-1.011909097458824958e+00 1.035460395478799978e+00 -3.606705249722108042e-01
-1.227987445546785850e+00 7.656938113482794628e-02 4.341736998451143359e-01
3.228926048774054536e-01 -6.841581799378964046e-01 3.725899766791109791e-01
-4.831228995918494529e-01 -1.744466331584767216e-01 -7.203872373724009570e-01
-1.053923914262795636e+00 2.613500213678491505e-03 -3.396791033614671718e-01
-9.494497705083365657e-01 8.749406919774270763e-01 -9.423607524959562998e-01
-1.030334011680603817e-01 8.001291533600708439e-01 -3.392746087315204884e-01
-2.317409363188979443e-01 5.843963002662779793e-01 -6.473539284582399134e-01
-2.943068291953499505e-01 -1.080472023294566930e-01 -8.712702360393846934e-01
1.184789493026634721e+00 6.847113810255858191e-01 2.186681042040661271e+00
-1.485163678308632829e+00 -1.039944615405718809e+00 6.548555336706864960e-01
-7.657312946311514157e-01 2.034884340967824112e+00 -3.965675645455631337e-01
-3.355214272448968360e-02 -6.122398348823203662e-01 4.099604825976384537e-01
9.775737208702234282e-01 -2.053803603851787618e-01 1.162335954164368079e+00
3.382381432309928826e-01 1.030349257651635542e+00 -9.968730386057560178e-02
1.352700293222548478e+00 9.027051824173848438e-01 1.000327222760766244e+00
5.232288842252331706e-01 -1.316227372703274279e+00 -1.481108713437781832e+00
-1.582719345026425417e-01 5.061640690990825142e-01 1.709941424994691206e-01
-1.026905101398061460e+00 9.456402323954680167e-01 -9.975907388957006017e-02
-2.949867041904081222e-01 4.490304443763494524e-02 -8.211298085394251878e-01
-2.470313702570781367e-01 -1.551014728536682652e-01 3.904072422652318242e-01
-3.871800359931864555e-01 -6.664925659694498350e-02 1.248192724421375521e+00
1.071833613989119138e+00 -1.205726301926020705e+00 -1.459465483956140064e+00
-4.849226631698211887e-01 -5.897572433964046734e-01 -3.224356734205104102e-02
-1.585960624601220337e+00 -1.313675238682689539e+00 -1.291788597285328022e+00
-6.405333206647934041e-01 -1.504382873046629099e+00 6.749972423751843253e-01
-9.089868361771323846e-01 -4.844873018013355903e-01 -7.068247846816502200e-01
1.511173525240530280e+00 1.411036502457251596e-01 2.251300941423484137e+00
-6.076854920002700000e-01 1.175663912657236132e+00 1.548678094744357692e+00
6.421425187549439917e-01 2.059969074651528953e-01 6.114532920295857599e-01
1.613505776686561255e+00 1.489916257565020441e+00 -9.634853393663118659e-01
2.192768711434090356e+00 -7.022874365270077579e-01 1.139648946150802367e+00
-2.705041844694818787e-01 -1.615932263802209112e+00 3.075253909509995109e-01
2.960127565565974783e-01 1.297286370175932584e-04 1.227038470658971425e+00
4.884325731998238607e-01 -1.067188143459126382e+00 -7.870792319841622975e-01
-9.184918512155985093e-01 -1.519268482442978518e+00 -1.484631293126988050e+00
-6.946424592757159955e-01 -1.176487112866403950e-01 -2.117730719318397181e+00
-1.897963306043209952e+00 -1.117233978211629314e-01 -1.564492029990591226e-01
-3.104787910162504910e-02 1.012488795362826766e+00 -3.319528755616472648e-01
-1.135103973607530126e+00 4.700572845997025850e-01 -7.871607713199418876e-01
5.679044942558801878e-01 1.676414057030291838e-01 1.306352817029636793e+00
1.086047585018666828e+00 -6.727441151841216938e-01 1.133108940801972553e+00
7.226299389438043397e-01 4.627867663463841041e-01 -2.644840926410779725e-01
-4.711621733515164445e-01 -8.621166862151842247e-01 -4.105393493565238083e-01
7.545304283463837303e-01 -3.662101023978348718e-02 -1.125747741226586163e+00
1.376607284608483139e-01 3.914491521406846530e-01 -1.536178338760944451e+00
2.366236701807367671e-01 -1.420888947689255000e+00 -1.234158609919645766e+00
5.068286271220613370e-01 5.761285171959140694e-01 -2.070415147256993993e-01
-9.401143123200540463e-01 3.478589863243340408e-01 -8.151928598062881948e-01
-2.299638465231498563e-01 8.807797671625445801e-01 3.377616190050253264e-01
-1.260701832499763753e-01 -1.291262533465718843e+00 2.424443908680623538e-01
-3.747200657444319516e-01 1.574244293862961497e+00 -5.090677801327903040e-01
-2.639969966057531092e+00 -6.105366030260216403e-01 5.223088691558496199e-01
2.261244023033468220e-01 -1.080713870699535173e+00 -1.226777026029533119e-01
-7.484341372786723623e-01 -1.103082709303720099e+00 -2.272693404919791771e+00
1.549237418773078856e+00 9.208885794611504361e-01 9.393942382717009876e-01
-1.279233150497493421e+00 -2.596591063717074155e-01 -1.283711023719658950e+00
1.803481697802470807e+00 8.179347474664602213e-01 -7.210520369838738231e-02
-1.367864836669202555e+00 -2.674347462766047956e-01 -4.185566780143475385e-01
1.033387203774950969e+00 5.471843275707016785e-02 -4.574299098400590458e-01
1.738691301691079660e+00 2.627135808947382301e-01 1.546316043426606113e+00
-9.483828569644878748e-01 7.010805950659677599e-01 1.114869387557710922e+00
-6.277758423759262074e-01 7.369628739426735686e-01 1.460538003335603019e+00
2.122492477998326188e-01 1.069222229754296594e+00 -1.020318009362405798e+00
-7.277479101585788979e-02 -8.043899639213486497e-01 1.481800285955399421e-01
-4.639108141806737029e-01 1.780200809144593110e+00 -1.638695359068951390e-02
-1.829995956168329885e-01 5.844547971342110015e-01 -4.252282836012930556e-01
-6.629501632447731829e-01 -2.554126586662186060e+00 -1.683120742295716843e+00
-1.301844560951001650e+00 1.403315575373386137e+00 -7.500496083086124477e-01
-6.812596808147229899e-01 -5.422697428688738608e-01 -8.749626013792205503e-01
4.606010470372347010e-01 2.764496212336876035e-01 6.978290673961855539e-01
-9.318855879520883123e-01 6.085462495172763719e-02 1.361984868073071286e+00
-5.198428426588285189e-01 1.333710919235480352e+00 -3.333617362338560375e-02
6.690058222326504822e-01 1.077944178678039489e+00 -4.452306137174451561e-01
8.079475366145640880e-01 7.145731315296399710e-01 1.165313185747541558e-01
2.046042273234470188e-01 6.494844192047031228e-01 3.853587386903485901e-01
6.760249636480675228e-01 1.517959604749548053e+00 4.275245536470941299e-01
-8.710935171906039054e-01 2.916981048170956270e-01 4.276492700706475275e-02
-1.755263678379691772e+00 -1.267828083802368999e+00 -8.518586001821181197e-01
5.416453327345732705e-01 1.292762488532649134e-01 1.359111607788608123e-01
-9.388396551527874445e-01 -3.055031111117749720e-01 6.444683413620888590e-01
-9.083216150115723808e-01 1.413696731256182337e+00 9.972785171640407009e-01
-5.723243202356135262e-01 -1.103522520163040088e+00 -1.177148862276549898e-03
1.327020322905137162e+00 -4.169201554584408415e-02 -1.022190845194597547e-02
1.027743885598817908e+00 2.430542184783530235e+00 -5.823469864531785056e-01
2.747210233956556280e-01 5.147521082010123594e-01 5.851514492969057679e-01
-5.748266755171652642e-01 -4.849264509142063306e-01 1.284556048425385510e+00
1.890118518588009833e+00 -2.221924594014491050e-01 -3.346660040940186986e-01
-6.349776444320001101e-01 3.524120871016938050e-01 7.741564465291798092e-01
1.564515952694400525e-01 1.809768565431039145e+00 4.430872874038917220e-02
4.715738091407580823e-01 -1.304756069941786611e+00 -5.858752648829144982e-02
-4.415457643006567290e-01 6.696544796993327830e-01 -6.941916988354638329e-01
1.838045253199780404e-01 1.518385430476741238e+00 -1.880759979031062956e+00
5.338837038560481085e-01 -1.410436125180093425e+00 -8.451208033578300194e-01
1.309107672997030347e+00 1.558631855057042437e-01 1.349933402340267874e-01
1.342533788430528008e-01 8.278644982058523949e-01 -8.100312299172708341e-01
1.895846391435113479e-02 -5.407226195243868272e-01 2.191161287930361856e-01
-6.156578003832986062e-02 -2.397998017837463247e-01 -9.724836455844728667e-01
-4.295368621942539655e-01 1.500752719023763504e+00 4.615486473401738121e-01
2.629998098540066789e-02 -3.525713150377913774e-01 5.966023564782474420e-01
5.286753221907452421e-02 -9.265183267600786143e-01 9.932771236844624152e-01
-1.916140353862676449e+00 -2.213673195417751760e+00 9.253900041387874698e-01
8.874774067829273028e-01 -1.042485887260468924e-01 -1.511766903969566887e-02
2.348545867135148624e-01 -5.955106919033911206e-01 -8.548213774847821522e-01
1.179149750354363362e-02 8.450876726118426996e-01 -1.540269640673774365e+00
-6.977213734933945810e-01 1.054308946891860249e-01 -2.948743060173525388e-01
-4.294618739572333421e-01 -1.828446534707937610e-01 1.755760077518375428e-01
-1.150342883668871830e+00 1.453988732601182721e-01 2.832934318263042317e-01
2.685184338556113604e-01 -1.211869153046150477e-01 -7.064829426080313501e-01
1.269031850542880147e+00 -1.756023220489765224e-01 -9.150602440847867003e-01
-2.745655391095395137e-01 -7.293550089463055608e-01 5.189546706792950159e-01
1.655682362346027614e-01 -1.581240983776007081e+00 -1.317959538431411337e-01
1.151342654229181139e+00 -1.026481906839679104e+00 -1.080530225378208087e+00
-2.546542885539385681e-01 -2.596875731850892821e-01 3.323637386053780451e-01
3.101808912983830546e-01 -6.105261369445991182e-01 9.155664890814331214e-01
2.321593184707749558e+00 -1.341558015961757944e+00 2.645673964682742629e-01
1.650802010521567942e+00 1.136130303642340689e+00 1.089049967503883526e-01
-1.118916192852097202e+00 -1.110518289458629848e+00 1.272236299697919071e+00
8.081109197241475028e-01 3.621368963525293250e-01 -2.895518401474587167e-01
-6.008397741973755535e-01 -7.236029338016609636e-01 -1.409372592315422557e+00
-3.963858358129111054e-02 8.294067004858408643e-01 -9.491049673722617985e-01
-7.096371006210823174e-01 3.865120169728804012e-01 -9.604678022560504402e-01
-1.340462157042436209e+00 1.919866518493229535e-01 -8.828716390011788484e-02
1.195532528200221378e+00 2.807243208582086980e-01 -3.851782267984333319e-01
-7.265143310697948220e-02 1.522966480326140903e+00 -4.365958998939576396e-01
-2.009570208156748361e+00 -5.407158705395042064e-01 -5.151335803954408821e-01
-1.455427873749405077e+00 -3.745662555671415705e-01 -5.121401053328211717e-01
1.001206276956833896e-01 -9.949419662350369453e-01 -1.712919881653567900e-01
-5.887362686905228681e-01 1.079422947497328700e+00 -5.096581840759568660e-01
3.842709749053433987e-01 5.408576302441205907e-01 -2.748335922034322309e-01
-1.300654140895333988e-01 -1.234034412056032037e+00 -6.120581706255038279e-01
-2.390618648365479437e+00 -1.685012992991461456e-01 4.597661615604916041e-01
7.035250044387734158e-01 -6.374523701013348753e-02 7.388136366592862325e-01
-1.433903523430409832e+00 -8.283402148474343640e-01 5.977563309461814828e-02
-1.657421194848665902e+00 1.516226402124754846e-01 2.076179049999270276e+00
-2.003719381324294169e+00 7.070148721788771518e-01 9.350761326191971978e-01
6.028089380418552023e-01 -2.111218170038708097e-01 2.312043103642335840e-01
-3.441457789555568691e-02 -8.140432142879417965e-01 1.025315373768008076e+00
-1.219954443349680506e+00 6.504082261499953832e-01 -1.888669437903379988e-01
2.935601527744355899e+00 5.476276254521633691e-01 1.182501422618361886e+00
-8.368742178727125447e-01 -9.317965185453803700e-01 1.408764694368770387e+00
-8.774318501599430720e-01 3.159067720136116697e-01 1.147508197818815745e+00
8.426029541469097495e-02 1.034240405781093053e-01 -2.418059888311099748e+00
5.438744171131328908e-01 -8.665868183490205157e-01 2.024428101315780992e+00
-7.214046062904709844e-01 2.213570397308079585e+00 1.523084497254402647e+00
-1.337168650759936961e+00 -3.988431779230957597e-01 -6.129180288099317364e-01
5.211812307285809132e-01 1.534376780331789591e+00 -4.446593878347250388e-03
8.566319035785606439e-02 1.074202076838703529e-01 1.510900582096416311e+00
1.746031903840464805e-01 -9.990477710208536255e-01 -1.266209928425221787e-01
-1.279671267309903548e+00 1.611934035842069513e+00 1.638218636226222436e-01
-1.286434844855141035e+00 5.548773003756913846e-01 3.683423995982547661e-01
-3.814194757953573434e-01 2.076845934196190624e-01 9.609644954699410047e-01
3.321243755265508302e-01 -1.408361655183482775e+00 7.195956525173204943e-01
-4.937903683739518490e-01 2.259185491888019204e+00 2.336798092714911512e-01
-3.107247746932791377e-01 -1.606575278584220889e+00 1.043454359575666901e+00
-3.789792338907921887e-01 7.055528316352536189e-01 2.105883668182718590e-02
8.092630790415694664e-01 -1.157197964528198231e+00 5.347434910796142749e-01
1.679694348046039565e+00 -5.439852260302088238e-01 -7.910119511598238118e-01
1.570023221501402499e+00 8.118363112947328819e-01 -3.139352391889863036e-01
9.436803022902404692e-01 -8.452653110564615213e-01 1.727020412504844948e-01
9.205371436992555445e-01 5.367036385912875296e-02 9.505424510863668131e-01
-6.738958228267379058e-02 -4.027208794071163861e-02 1.786486658007842676e+00
-1.550504930682881310e+00 -6.516319210953874785e-01 -1.057103757608174766e+00
1.155264584266466055e-01 7.065700806097886533e-01 7.844455681501798505e-01
-1.182492772678442439e+00 -1.431489675564260322e+00 -7.847033760689456905e-01
-6.326520933262719248e-02 -5.335428795853975892e-01 1.585478642029637175e+00
-4.488487553983456224e-01 -1.074489967909807858e-01 7.947125532857811647e-01
-6.505248145402106053e-01 6.930403578228044349e-03 -8.828438598310801855e-02
-1.705586189307398137e-02 1.183260882945902370e+00 1.555223592668575794e+00
-6.776261672369080502e-01 -7.450505156510217608e-01 -1.407510316839724496e+00
2.029284670598311191e+00 -2.275764650446168713e-02 -1.466226930968504982e+00
7.338687787425656195e-01 -8.484653377048712031e-01 -1.444079570138423696e+00
9.265495827990262445e-02 -2.819006470894354077e-01 -1.169879824094992360e+00
-1.291597434176684045e+00 -3.378999367677449905e-01 -5.897462763188640045e-01
4.428521438853725845e-01 -9.107394020511985211e-01 2.462048412392160018e-02
-2.223625858911818312e-02 8.170116262998665668e-01 1.677683766348953831e-01
-4.819719541364607673e-01 2.097880087433885432e+00 3.681744956754856024e-01
-1.199578956681225828e+00 1.868198739713440526e+00 -1.372736750088386248e+00
4.423912465812504524e-01 -2.312905086253068676e-01 -3.755724711816673667e-01
4.444192252765991058e-02 -2.662249365978108240e-01 -2.112127323850243321e-01
3.805139767082250241e-02 -5.918053204486151131e-01 1.314967282874568211e+00
-1.290869668025021455e-01 -4.351804092470660384e-02 -5.008464140067828696e-01
6.797469684243535870e-02 8.369856968178437384e-01 -6.406646328519917388e-02
9.697136477453521808e-02 1.230266648093022885e+00 1.484245602664183483e+00
-1.395372333188076519e+00 6.039628106944110453e-01 -3.338273351627676910e-01
1.446536224157152883e+00 -1.428338155905614526e+00 2.605494746298278486e+00
7.979066957555452921e-01 -1.157797565087951952e+00 -5.035429859889849480e-01
-1.402740175818301682e-01 8.939978485247265239e-01 7.893288938868628923e-01
8.006890037527296389e-02 -2.293032189068845650e+00 1.526253495249031700e-01
-1.129406419431740582e+00 1.121275181838277124e+00 1.473162244780402974e-01
1.374968742098306773e+00 1.372414878587470577e+00 -1.507700043069081453e+00
-1.391697407769154626e+00 6.784519512912321471e-01 6.019921668112272473e-01
-1.416435713617221870e+00 -2.960212890873391567e-01 6.097661903674496120e-01
5.090760411415494735e-01 1.229191707057228466e+00 -1.285855803446535051e-01
1.783551164163798441e+00 3.702199374083385286e-01 1.481405371672998017e+00
7.975047520802447387e-01 -1.367659791722991791e+00 5.530768234920758752e-01
-3.255383331975549854e-01 9.142342200388546836e-01 8.610386702914786250e-01
1.652491286358060085e+00 -6.430022584833428034e-01 -7.254774312291104588e-01
-7.555681908455670337e-01 1.739168387553291062e+00 1.037028568201300516e+00
1.563452821336805298e+00 1.593180324935111969e+00 2.110652994363194923e-01
-5.603480307069096389e-01 -7.292932346456447723e-01 -2.242750808316596456e-01
1.291258080880416381e+00 -3.191386253597673361e-01 4.972312956151258012e-01
-7.179794704774187242e-01 1.343805911400480557e+00 5.680273525060618445e-01
1.454136376913644189e-02 -3.169038183326990388e-01 -1.372028065532845620e+00
-2.073899944498121817e-01 -5.733902223868792003e-01 3.182123687243936655e-02
-1.103155856085921011e-01 8.010202344299148791e-01 -1.812806298061292232e+00
-6.631227828121667445e-01 1.091403398932147217e+00 -9.294913412929389773e-01
-4.387465839626774611e-01 1.060059443252506561e+00 -1.268749058547503195e+00
1.060469322057590702e+00 -9.646028110144685419e-01 1.022707786478772807e+00
-2.342572228329988793e-01 2.216496588616855556e-01 1.045358647860291201e+00
-8.652178457217967189e-01 -4.937086721091148434e-01 -1.754390058078006964e-01
1.133254462476713131e+00 -9.337500924148045556e-01 -2.778770486472403878e-01
-5.901978685288494786e-01 1.317444475335080856e-01 7.821375241673055312e-01
1.334785169144737660e+00 4.570606012260856055e-01 -9.866706030347834888e-01
-3.647248799647860584e-02 1.117118533317724927e+00 1.972979394668329389e+00
-4.370378058396769405e-01 2.105200379078355777e+00 -4.365222650311579855e-01
-2.014780490448465855e+00 9.472150771017577853e-01 -1.305882536174989061e+00
-8.587979651848864915e-02 3.081110117254253766e-01 5.023516620675378963e-01
-1.453070192890925094e+00 -4.937633545938094892e-01 5.843188056422057297e-01
1.751449444854575876e-01 -2.616504419303631312e-01 6.426016588255034634e-01
-1.245293488358537148e+00 -1.039523171280029246e+00 8.233248530036286761e-01
3.045032245054892991e-02 4.032888057327421727e-01 1.181759288219417225e+00
6.905266115933088589e-01 9.910236951827117169e-01 2.074357319566339175e+00
1.042030220954140995e+00 -9.329975573044899662e-01 -1.192084758384731158e+00
7.421835773641224376e-01 3.160866863167735019e-01 9.891837635028718489e-01
6.197211678145327918e-01 -6.910778059025978193e-01 6.757876947264139789e-01
-1.886874922727088233e+00 -5.902013026479452362e-01 -5.828470860064810521e-01
-9.158387893668524793e-01 -1.599642136365480027e+00 -7.715007094799104792e-02
-2.877131098006062149e-01 2.449362653454376648e-01 1.038387276002641801e+00
1.235036845295407471e+00 -6.812842270155132773e-01 4.572010450925829139e-01
9.665717275048339996e-01 -4.217599703259159449e-01 1.313241543226494557e+00
7.144450904870620622e-01 -1.500326904981363008e+00 -7.885497334242773659e-01
9.331394280641833738e-01 -1.147965310767981029e+00 6.750439835840651992e-02
6.373457974016397687e-01 1.692446561166523811e+00 -6.692741001014306246e-01
-5.936627612046673219e-01 5.401718771840566813e-01 -9.709410089108488906e-01
8.283566348745186048e-02 1.499665103816227418e+00 3.379882727709759282e-01
7.934963241932323497e-01 -1.330557239462724750e+00 3.343385640625846089e-01
1.047597216220208960e+00 1.424643452187410508e+00 4.652804028306534168e-02
-7.678900126162744311e-01 6.746064499867824305e-01 -2.027227929328735967e-01
-1.446359299652589803e+00 -1.328227661888646383e+00 7.026703672343432849e-01
1.842489632345729322e-01 -1.421328330464577683e-01 5.916595533195065926e-01
-1.183428627603477779e+00 7.472528893589155952e-02 -6.350810028673115060e-01
1.379296496398702832e-01 -1.781663435626768821e-01 4.284298219221380211e-01
1.988582099964383509e+00 -7.618210420330222554e-01 3.475976004428879551e-01
4.561635746779493794e-01 -3.253008813273433053e-01 1.629372928331255466e+00
1.706746447284995361e+00 -9.961818094821267566e-02 2.895713848814195912e-01
-4.758868679786357886e-02 8.821589595955915408e-01 -4.605727159678691951e-01
1.704134497121283509e-01 1.235508125197101598e-01 1.540353085802682043e-01
-2.431261820225815828e+00 6.952709340551687101e-01 -2.723528613928181685e-01
-2.066380533898561633e-01 -1.487598533059286687e+00 -8.176885717700975720e-01
-7.179128955935777379e-01 -1.538360347044011034e+00 6.932212652692383292e-01
-7.374196443044962745e-02 -1.315021201396348927e+00 -2.465298099751855432e+00
-1.857336922600981710e+00 1.575388526293266089e+00 -9.722847373132567084e-01
-9.798605564517485211e-01 5.087401536160535143e-01 -3.854908995936733862e-01
-1.053865192168223497e-01 2.177276380267079592e+00 9.603272837000428885e-02
-1.499558330637534409e+00 -4.478809989872593600e-01 5.458320315776271636e-01
2.205041157758590220e+00 1.312511829309459754e+00 2.936311896629506535e-01
8.037533548944552492e-03 1.056452624857681322e+00 1.060728959913064484e+00
-2.015009667251449754e-01 -5.234265638012209898e-01 -1.026321564137583353e+00
-1.085912284498929514e+00 -7.905941221804374530e-01 -1.631514575444674153e-01
2.711129848638974341e-02 2.542816015292757581e-01 1.818102016904455054e+00
3.838282883535565349e-01 -6.477680095461118004e-01 -2.073874614796374249e+00
-6.091956546049596133e-01 1.092647134510017937e+00 1.098786912840206575e+00
5.691783448491913866e-01 5.801837813227692653e-01 4.615562588598760563e-01
-8.094145006134894071e-01 -4.639000110993297676e-01 -1.756898329312988727e+00
-9.881580914382049885e-01 -4.562944031466104611e-01 1.966648181385392880e+00
9.436826828126662070e-01 3.772555965926095989e-01 1.980343849132407241e+00
-7.507126451272188028e-01 -5.630462848581473390e-01 -5.450524510911101128e-01
1.847454415216250312e-01 -4.989956316360019128e-01 6.132252534688071854e-01
1.181368405660933874e-01 2.341913560453420251e-01 -4.157099709376579355e-01
6.038884840389591169e-01 7.261182148790421564e-01 -1.037542594542370189e+00
-1.599239010349998491e+00 5.050909803224861161e-01 -1.698222780448760683e-01
-4.916560999580536495e-01 -1.330215744865679506e+00 1.550128874918725863e+00
8.683368083921482183e-01 -3.473726507749397840e-01 -8.689827259996494302e-01
8.319107321388791165e-02 2.337218671583929819e+00 -4.126844272251731782e-01
-6.984474036353192222e-04 2.426542232425607792e-01 1.507471759919939203e+00
3.937458045152320563e-01 -6.533212410345415888e-01 3.196001059488748908e-01
-1.417633284809814098e+00 5.060765592030795901e-01 7.283152568035485830e-01
1.884388241089376637e+00 -2.749118304033009164e-01 6.794538027247248868e-01
-3.816770092820288562e-01 -2.186083729090496419e+00 -1.059794408619289197e+00
-2.754408485440894006e-01 -1.566318293622071256e-01 -5.044377961390434928e-01
-7.881623652012026415e-01 -1.071298872561813331e-01 7.980322737703963165e-01
4.409384056220769788e-01 -3.380736044763927306e-01 -1.731029057139222838e+00
7.642248362088102098e-01 -1.486479698408424144e-01 9.447680512571521305e-01
-7.733600250460856973e-01 6.992688114850807990e-01 -1.823713859547132943e+00
1.405790080175797874e+00 -1.871191475581891028e+00 6.148301311775450362e-02
-6.792628241267835154e-01 -7.292031425156871860e-01 -1.359435896921650233e+00
1.107669324475166750e+00 4.561712887716701942e-02 -1.220539381952580493e+00
6.060029199904476416e-01 -7.598041759954705654e-01 -1.451365190785951498e+00
1.281878659153526945e+00 -4.736866628783119593e-01 -4.145674545161298075e-01
2.938701805702714775e-01 6.547060350454633193e-01 -8.702074245285760234e-01
-1.446518703348811608e+00 -1.094253908961887900e+00 1.852650675879627062e+00
2.643586446008260538e+00 -8.718553816991906347e-01 -6.454226999845317225e-01
1.328453004996120956e+00 3.501918816145336288e-01 -1.132203871990987043e+00
-1.201061195405939142e+00 1.165864587677472031e+00 -3.028161737863431235e-01
1.076495254653061728e+00 1.091494722878041529e-01 -1.045851371512835498e-01
5.985086759502222797e-01 3.200207235531691841e-01 2.255470680551109108e+00
1.657737349355933032e-01 -5.245086841032070568e-01 -1.022912264325174014e+00
2.045402635266702941e-03 -1.456468649614938382e+00 1.173973812575059616e+00
7.065984282692175933e-01 7.633958983971189660e-01 -1.114080168396964998e+00
1.096036485473595334e+00 -1.314210328604308531e+00 6.795803974997350894e-01
8.450437465868809728e-01 2.769998305504484115e-01 -1.554632670743885114e+00
-8.287021912184053818e-01 -1.874912988227235067e+00 -4.111837531313294880e-01
8.775728287619704027e-01 -3.238319210857582009e-01 1.081192193513237809e+00
-6.419638229430287835e-01 -9.553317081957507506e-01 8.996328522044552134e-01
8.082501271223337946e-01 7.252039974378501896e-02 7.203335222685505190e-01
-2.037124935310349605e-01 -5.230624323131779496e-01 -5.219403103913048403e-01
1.977468490418048397e+00 5.699750501122498036e-01 -1.201216824877205047e+00
3.991992124702085087e-01 5.610919353811086863e-01 -4.852663991123236653e-01
-1.318160938355226852e+00 -1.227727077657721599e+00 2.038292796380216376e-01
1.827863812083383444e+00 -2.701015005804021651e-01 1.407283704338237795e+00
-1.160996148287891883e+00 -2.029690534390847234e-01 -1.336279491033514288e+00
-4.800529107638781823e-01 4.539572421802210989e-01 -4.562644514152368047e-01
-1.103545298213923109e+00 -1.253970273023942372e+00 1.435751842149286306e+00
-2.403120646353778811e-01 1.279294664649731628e-01 1.877676676952976020e+00
-8.854781529294570852e-01 1.740745406667296047e+00 -1.053143563642574332e+00
-6.426558457389608403e-02 -2.720592175138746016e-02 -8.542317535496930514e-01
-1.092442394243065884e+00 9.658311225892721730e-01 9.114450488247219928e-01
5.555822176891713760e-01 9.267348142105655828e-01 -8.457210306714607606e-01
9.574090637195543929e-02 -7.231283744189913598e-01 -1.852963527263249699e-01
-3.068588434913737187e-02 -7.073651544081560605e-01 6.072862213456607927e-01
6.992430173541700489e-01 1.226597811282021055e+00 -3.273237967656231762e-01
8.554810470743107187e-01 1.461938367713494502e+00 9.422325996077395294e-01
-4.228935162629586797e-01 -2.340886830256097451e+00 1.119468602793019379e-01
1.218093707403976378e+00 -2.342040420806759116e-01 -1.117995672247442895e+00
-8.932210886458347154e-02 8.271825553821113841e-01 6.157257978538789311e-01
4.064058826392900059e-01 3.747267046027611404e-01 9.493946548380431949e-01
-6.901911213138334222e-01 1.015519137786082271e-01 3.172689827489958425e-01
1.248122934458488903e-01 1.561947221240536088e+00 1.718812912988979091e+00
1.626528304229885924e+00 -1.431123823292088648e+00 -5.731309916219852196e-01
4.725452643188923219e-01 -9.620222753268863058e-02 -2.636168129606242250e-01
1.393459209558905565e+00 -1.179061231133617660e-01 -4.184411966340710887e-01
-1.244582765685203096e+00 1.236550722863545726e+00 -8.381646217153153611e-01
-1.619928600085401627e+00 -2.668588408379591215e+00 -9.899394836086068405e-01
-3.284705113616240291e-01 7.874849255545417204e-02 2.583506310734446365e-01
-1.058863091024052183e+00 -1.415394419566425199e+00 -6.445631193226725175e-01
-3.913990463003204634e-01 -4.617288848303003901e-01 2.217378899517716273e-01
-6.703779982919971792e-01 -1.373135628038276934e+00 2.214434501245880482e-01
7.646989971533972863e-01 -1.806645624666828875e-01 6.774180193405356931e-01
-2.400493547862694033e-01 2.553341978376827970e-01 1.070274282189668025e+00
1.131624776661384280e+00 -2.003867889246449541e-02 -1.023119316831382797e+00
-4.500187916077735828e-01 2.231097415412220120e-01 -1.114222490016554962e-01
2.078293637338596289e-01 -7.462193448965510900e-02 4.841475434710229009e-01
-1.420578188107804118e+00 4.832263114764138723e-01 -1.694042478607161728e-01
-7.045077605224540074e-01 1.710070495238995347e+00 1.805360894824758144e+00
4.714915279816387500e-02 9.419618439999092319e-01 4.702766171363899350e-02
1.390009841552068082e+00 6.808827103675857417e-01 5.121028594937228062e-01
-1.054663863247903066e+00 -4.458604887462647159e-01 -9.495593384859459807e-01
3.312210247965734489e-01 1.025112919336723438e+00 1.914405780462531625e+00
6.967957183839420532e-01 -4.025508225816966656e-01 -8.140401739935796410e-01
-1.404426373686447072e-01 -2.928896452442846243e-01 6.709145448944070500e-01
1.011354361025377013e+00 -1.207097438881579166e+00 -2.103778466397725921e+00
-8.424874283724069768e-01 -1.050532441826886598e-01 1.494707837752198953e+00
6.376020432602755306e-02 8.834792396632119571e-01 -3.672410895191169922e-01
1.110304271182319225e+00 -1.431492121319738242e+00 -3.078485181210249277e-01
-3.131514740189391688e-01 -1.957217287715151341e-02 2.710613466072219424e+00
-6.931503264488403371e-01 -4.524441299882966949e-01 1.540050810144685034e+00
2.479907430782358202e-01 -4.347327928805842095e-02 -9.481184334962234894e-01
-3.618219798661753694e-01 3.089718368565911311e-01 1.936721258983471750e-01
-5.534202352321054841e-01 1.516931314226836136e+00 7.898841345801966840e-01
-1.695406458063095784e-02 1.197745277898715655e+00 -1.417314665445357780e-01
-5.266452624414402761e-01 -3.063206382737696298e+00 2.441675662783759637e-01
-4.541994750303061656e-01 7.501205565887454352e-01 -1.050534420187524687e-01
2.174244852713946255e-04 2.582987577449545658e+00 1.576290390731110103e+00
3.246170040616910488e-03 -1.642179735973980703e+00 -1.650941407478581313e+00
1.793002569926332723e-01 4.547255460447977016e-01 7.697452750413351641e-01
-6.323996254526828009e-01 -1.310614894148432130e+00 6.864627917156271852e-01
6.798624954730828618e-01 2.638534448713314440e+00 1.491208589361081804e+00
-2.168821875096507978e-01 2.759096080037028553e+00 5.374713143534188831e-01
1.150906510918934922e+00 3.370829856018516257e-01 3.509555614886190056e-01
5.745105347918240124e-01 2.500604303265411502e-03 8.751326383111361906e-01
-1.708081254280013228e+00 -1.467145819356558967e+00 -6.261745043997843929e-01
1.111500590321544246e+00 -3.733536883500359060e-01 -5.499749855098500229e-01
5.927220038273793845e-01 2.039026210035385298e-02 -1.564641393000354985e-01
3.153285330908555117e+00 -7.540740229361277969e-01 -6.559188644040103711e-02
-9.569552949823929566e-01 -1.465972885153012273e+00 -2.845791276102057066e-01
4.725839576012902214e-03 -3.293047250698085682e-01 -6.183845850401834543e-01
-6.368014069303569169e-01 8.456217767203871860e-01 -6.451259282017504093e-01
-1.904334647495327548e+00 -9.551109207497996412e-01 -1.047363045598594056e+00
-2.448964129791756594e+00 -1.695621647537038479e+00 -1.714350134851704566e-01
1.466849438229169911e+00 2.312409484308941110e+00 -1.240730706826419505e+00
1.423578007872655427e+00 1.374093415295827292e+00 -1.082023734726440090e+00
1.606100190922350457e+00 -3.318803883627250984e-01 5.041936762161812746e-01
-3.717074240695807386e-01 -1.427765466810966943e+00 -3.910447832542484625e-01
1.904136222124902078e+00 1.245626069500405331e+00 9.378241742512389845e-01
-1.139849205375885077e+00 1.434224454365567558e+00 1.220318998754324369e+00
7.060288649630995783e-01 -1.452879817215609215e+00 1.298524949388349725e+00
-9.759052180875378291e-01 3.257691061099590168e+00 -3.158385189391635373e-01
-5.145025052903577922e-01 -4.033436977322464867e-01 1.076718328192795227e+00
-6.807130307032636107e-01 1.478509510472971300e+00 -1.075647470817877815e+00
9.570667174241412889e-01 -7.570342184889723436e-01 -1.125762086718802513e+00
1.235953139861496686e+00 1.659494823154345822e+00 1.136625675466421015e+00
2.802179919800341923e-02 -9.224603721031801040e-01 1.047826701369199975e+00
1.116725225479414219e+00 1.457584183762220542e+00 -1.326581276031689294e+00
9.329615799751784788e-01 5.965151368427572959e-02 -6.784611294265119330e-01
1.290471733644186658e+00 -4.295826294749099938e-01 -2.720986296333913312e+00
1.292987845057270491e+00 -1.261793757510003777e+00 -1.761501326590466210e+00
6.641573799551393487e-01 -8.107756578776037504e-01 9.050838809980092936e-01
-1.135352722135203329e-01 5.400466742206017079e-01 1.333675607554622333e+00
1.369445761151756313e+00 -2.158359889753020677e-01 -1.958708416559190146e+00
-9.700321835925334035e-01 -1.004553225073724132e+00 -3.005728603996745199e-02
4.654848387851369396e-02 -2.936495190294569624e-01 6.109198430176295824e-01
1.242398551420565322e+00 -4.181041759242759559e-01 4.341075846557394535e-01
5.577710366086295890e-01 -2.592167910188943325e-01 7.345474496044174240e-01
-7.032911643879334873e-01 1.739994838539584143e-01 2.606695892192976594e+00
5.588272195164398770e-01 -1.134252509220835758e+00 9.451399384284828731e-01
-2.381666442700698827e+00 -3.816448042915053518e-02 1.120128911808063954e+00
-1.671231987236414307e+00 1.320956191007440494e-01 1.837745413101200098e+00
9.162928324022909798e-01 -4.527222828705195767e-01 -5.012383558574069475e-01
5.266018303319765226e-02 -1.499175358415924253e-01 -1.892973339871601324e+00
-8.659528882267870653e-01 -2.525957830460704434e-01 -7.150730216479959933e-02
1.008091543007540780e+00 8.530993102055811628e-01 -2.238212890570609570e+00
2.952932314437149985e-01 -1.456870864255081832e+00 5.541390364422162929e-01
-1.568129394029835200e-01 8.499856276436258407e-01 -9.617230271233665473e-01
1.062362380559078279e+00 4.258636331704993561e-01 -2.121860518168527499e+00
1.362368846777679776e+00 1.859150158675625109e-01 -1.748488902133091272e-01
1.684746597410977431e+00 2.594705303289930765e+00 8.884604051437731964e-02
3.873958325704046080e-01 -2.742880186054426628e-01 2.599252085249070809e-01
-2.011871613593468222e+00 -1.189066221776783200e-01 1.195921973915172520e+00
1.183853218616179453e-01 1.224885758832330085e+00 9.631082521287770426e-02
8.040765569759023013e-01 -1.466371167149324584e-02 1.432250545058995073e+00
-2.240806041145388505e+00 -6.075070203659922452e-01 1.329997370526005529e+00
-4.321855407449195358e-02 2.417734695005230583e-01 -1.447957486860717013e+00
1.629971370103647565e+00 1.319421198385941907e-01 -1.551699076986500225e+00
-4.287553136582063495e-01 -2.528856751133473080e-01 3.665450486881342562e-01
9.886396115427731335e-02 5.998575921578939152e-01 -2.933418639016951435e-01
-7.107313455810549963e-01 -1.899389630665815169e-04 1.819320202020754174e+00
-4.057353628959490255e-01 7.546265740261069999e-01 1.272524491720860018e+00
1.622005512556564666e+00 -3.484419241064948963e-02 -2.789151062113095492e-01
-8.982571649679336190e-01 1.614759789148145774e+00 -4.727889108688153041e-01
1.592388047367112756e-03 6.066561463184166891e-01 6.426857856471229757e-01
-5.427799017562208173e-01 -8.204520421596884772e-01 1.579282637953245860e+00
3.109064180283694356e-01 -1.153955043930012803e+00 5.593519819826806572e-01
1.793460353880182157e-01 8.686402752424114970e-01 8.684972395182783966e-01
-9.578984869131873525e-01 3.562356501491072830e-02 -7.765947012591668530e-01
7.303037536127832130e-01 -9.051073623808578716e-01 -9.273795829636065635e-01
-1.243110910174367589e+00 -1.125464853235248697e+00 7.758689809608867449e-01
1.852590346276783650e+00 1.003889295607289511e-01 3.322810293132870685e-01
1.754732024818752290e-01 1.108377263770125909e+00 -9.341864571261777606e-01
-2.334565797584505498e-01 1.128842241632439736e+00 1.035262962959233812e+00
-8.565908127756809431e-01 -4.976371165918396788e-01 2.873299087418996756e-01
-1.039257864789013830e+00 -4.247564634712617804e-01 2.736771735075417489e+00
-1.156517489523189557e+00 -2.008500364761976797e+00 7.514970833391438898e-01
8.180154295961022948e-01 5.898334918655990800e-01 -2.084102007443987270e-02
-6.535460432535428188e-01 1.180257498574758479e+00 5.044503188179472880e-02
-5.688814007687118535e-01 -7.338864047091523402e-01 1.123995896357254498e+00
8.366513091398238844e-01 1.541055110976473852e+00 4.794895131431057833e-01
1.248268451171773846e-02 1.881132889346469605e+00 1.444774804114608679e+00
1.812045685892198055e+00 -1.081568109925785448e+00 1.122586666355802620e+00
-8.404604629387621983e-01 1.081498460494450642e+00 2.976322208419219795e-01
1.336780907326941881e+00 -3.976649808149774201e-01 7.179183613415364151e-01
1.851522286403896489e+00 3.027835783657110147e-01 3.005839700877395715e-01
-1.022058099206435283e-01 -9.387060654097615364e-01 -6.540785895619376511e-01
1.321393471873126391e+00 4.034116736089762845e-01 -3.890697247149131621e-02
1.642863318466241951e-01 4.344088870164192207e-01 1.089277850676563464e+00
-1.082595603588840938e-01 1.275151993838754327e+00 5.607469417539969747e-01
1.542688397283390744e-01 -3.106156707866218891e-01 -1.687414914217988116e-01
7.467841781464467088e-01 1.213105001262780203e+00 -1.173811516116199938e+00
4.909364337464044992e-01 8.031340288636737990e-01 2.343342769498081513e+00
3.400174061592955432e-01 4.718579896760503045e-01 -4.284625972529831350e-01
8.506039045582223235e-01 8.086408030442783501e-02 -4.443928024661262244e-01
4.057612506669988073e-01 3.608290302926263626e-01 -7.852662701403329004e-01
1.772456261246955350e-02 1.730564734143071326e-01 -7.321849719297590653e-01
3.962940125628053867e-01 -8.380276491184436571e-02 5.299545019971292348e-01
1.612745396786873009e+00 6.854703594358748653e-01 4.486601863491110898e-01
1.890917061532092713e+00 -1.218447857515752020e+00 -2.237577613644193275e-01
-8.506367416815653615e-02 -7.963067580831155734e-01 6.686543584259728723e-01
1.607094099772560236e-01 1.601135333906456903e+00 -7.119427440064620694e-01
-9.486823455370364533e-01 2.400477191494612417e-01 -1.259474698216336286e+00
-1.393120462816060057e+00 4.869033605336657300e-01 1.776343978443572502e-01
-5.500953742735338325e-01 -3.646628437211840157e-01 1.582530540752714598e-01
4.791147582674437078e-01 -1.021747174450985618e+00 1.797326657198599298e+00
1.540153475855534637e-01 -1.278671040875236420e+00 7.961431731400285816e-01
-1.051487919489674239e-01 7.305822894177010918e-01 -1.892935347265249479e+00
1.441662526612811634e-01 -1.048650046688418547e+00 -1.031839136896810727e+00
3.744550582066560884e-01 -9.643103660015991396e-01 1.766875969708394445e+00
-2.305779887149839613e+00 -2.886702638434780477e-01 1.902462522830244751e+00
1.199336422629429633e+00 -3.726977542431535451e-01 9.418314157112396279e-01
1.083585854794933967e+00 -4.659958286856849866e-04 7.798196841432644133e-01
3.250774063130258962e-01 3.453914244077103124e-01 -1.119622597559994936e+00
-1.258940677204193614e-01 -4.337598803155854887e-01 1.878158304058751005e-01
-1.109734043843639828e+00 -6.516900881961160685e-01 7.771614821894404779e-01
4.631751170613291890e-01 -4.705746132328746945e-01 1.916661053527214664e-02
2.432893025568678147e-01 -6.988041771808053415e-01 -6.796035045917957484e-01
-2.364064814528847869e-01 -2.152451535858352027e+00 -8.226481410997982247e-02
-2.058275380484830552e-01 -4.622175415798061571e-01 -9.148338153587578514e-01
6.552120109580382712e-01 -2.141760780112917040e+00 2.463966018883971265e-01
1.021477976068083438e+00 -5.801384725613915050e-01 3.686657655536581535e-01
-9.390479658509506278e-01 -3.790791554741965858e-02 -3.348492951859008970e-01
1.089247485230523671e-01 -1.173787589288250777e+00 2.394552432995089020e-01
1.082907944870581396e+00 2.911211921118101453e-01 -4.153280177398743778e-01
2.072301294428152973e-01 6.348082264360945144e-03 -1.940552727268004540e-01
4.773560057849650651e-01 -1.407991447917363859e+00 -8.228573620857135840e-01
-4.106275920281117209e-01 -1.655520863953218402e+00 -3.619983230650002382e-01
9.719546190023163612e-02 -8.769890449722615999e-01 7.238719383830671816e-01
-1.411434644055256094e+00 1.002247920128984893e+00 4.613409323996560119e-01
-4.211223609894651498e-01 -8.518465683318141579e-01 -2.417778371912457369e-01
-3.515893363697510376e-01 1.294081249633157460e-01 -2.036971498579669859e+00
1.538712402374095456e+00 7.185230161912538049e-01 -9.238584056397414201e-02
3.767717030198773354e-01 -5.082462836034749021e-01 4.496719879363489381e-01
6.750790360994618489e-01 3.143497640927856995e-01 1.311379226605177806e+00
2.158747195528013751e+00 -6.660697463946572972e-02 -4.387730675101205180e-01
3.394597698318002621e-01 -3.115231827387029417e-01 -4.026314447265439411e-01
2.303787899114242699e-01 6.760309793306843451e-01 -1.192895155938312524e+00
1.611008304129723845e+00 3.167784273511218274e-01 1.557994354574944396e+00
-2.258573832347600785e+00 -5.044253580868961473e-01 2.809551373747341541e-01
7.654546958266899015e-01 -2.444990824768579873e+00 -1.806150661190802698e+00
3.185201591836413493e-01 2.337827874239271214e-02 -2.158188530377662950e-01
4.637654913487260222e-01 -6.063828780770498250e-01 1.950076868732470992e-01
1.789540704103530500e+00 -3.746514372855517250e-01 -6.938885189779783191e-01
-3.205247613487124392e-01 -3.597704008904023965e-03 -1.230669480352820200e+00
-1.059931936233838634e+00 2.545881780294054320e+00 3.174016133244082494e-01
1.288969354268034939e+00 4.729441663574480981e-02 -1.089676274303326281e-01
-1.354821963489250436e+00 2.630394720528880459e+00 -8.808543048395406361e-01
-2.258426294643881782e+00 -3.158970090514049978e-01 -2.851119938226561734e-01
4.198704509004666519e-01 -3.602620544740446351e-01 -3.336925242715546580e-01
-4.612272880003129849e-01 4.689402653758081296e-01 -9.236661330439841500e-01
4.895589735455957991e-01 1.170139520091773244e+00 8.126423243287702602e-01
9.260848981627273213e-02 9.952816586014895384e-01 8.679545077980201917e-01
-5.630766317536306520e-01 -1.660394915711135733e+00 1.164489558203332387e-01
1.184334669421167746e-01 -9.512791874960545568e-01 1.453088335872272818e+00
-6.440966147555390320e-01 -8.831566771301573304e-01 7.308878939316348911e-01
1.906318831744873987e-01 -3.195971309877492783e-01 1.200500727142994606e-01
1.055790376422180016e-01 -3.287529939637641729e-01 -1.898825528937257701e-01
1.601277747905656412e-01 8.004220761788954919e-01 -1.258234685055007018e+00
-1.203040884594710619e-01 -1.690914510611906396e-01 -6.255216718853344737e-01
-1.305999499342812786e+00 3.225731325972885366e-01 1.938038028795373124e+00
-5.329795075613460303e-02 5.392809805142712021e-01 -5.321714243273406586e-01
-1.155294310772612354e+00 -1.901396537533313613e-01 -1.026581302375537019e+00
-7.678987371002539142e-01 2.104286035734089122e+00 7.803251143137380774e-01
1.469045856406911099e+00 -6.913440888909147541e-02 4.143723189107539340e-01
