0.000000000000000000e+00
0.000000000000000000e+00
-1.776356839400250465e-15
0.000000000000000000e+00
0.000000000000000000e+00
0.000000000000000000e+00
0.000000000000000000e+00
0.000000000000000000e+00
0.000000000000000000e+00
-2.999999999999936051e-02
-3.999999999999914735e-02
-1.200000000000009948e-01
-4.300000000000014921e-01
-8.700000000000009948e-01
-1.169999999999998153e+00
-1.270000000000000462e+00
-1.279999999999999361e+00
-1.099999999999997868e+00
-8.700000000000009948e-01
-6.199999999999992184e-01
-4.400000000000012790e-01
-3.300000000000000711e-01
-2.599999999999988987e-01
-3.899999999999996803e-01
-4.600000000000017408e-01
-3.999999999999994671e-01
-3.599999999999994316e-01
-4.499999999999992895e-01
-5.099999999999997868e-01
-4.200000000000008171e-01
-3.799999999999994493e-01
-3.899999999999996803e-01
-3.699999999999996625e-01
-4.099999999999996980e-01
-3.900000000000010125e-01
-3.100000000000000533e-01
-2.999999999999993783e-01
-2.899999999999991473e-01
-2.500000000000000000e-01
-2.300000000000008704e-01
-2.199999999999997513e-01
-2.199999999999997513e-01
-1.600000000000005862e-01
-1.299999999999994493e-01
-1.699999999999999289e-01
-1.799999999999997158e-01
-1.999999999999999556e-01
-1.600000000000001421e-01
-1.900000000000001688e-01
-2.300000000000010925e-01
-1.400000000000005684e-01
-8.999999999999985789e-02
-7.000000000000006217e-02
-6.000000000000005329e-02
-1.200000000000003286e-01
-1.200000000000003286e-01
-6.999999999999961808e-02
-9.999999999999942268e-02
-9.999999999999964473e-02
-1.100000000000003197e-01
-7.000000000000050626e-02
2.000000000000001776e-02
2.999999999999991562e-02
-3.330669073875469621e-16
-4.000000000000003553e-02
-2.000000000000023981e-02
-4.000000000000036859e-02
-1.099999999999996536e-01
-1.099999999999996536e-01
-6.000000000000016431e-02
-1.000000000000034195e-02
-1.000000000000023093e-02
-3.000000000000013767e-02
3.000000000000047073e-02
4.000000000000014655e-02
-1.000000000000000888e-02
2.000000000000023981e-02
-9.999999999999453770e-03
-6.999999999999995115e-02
-7.000000000000028422e-02
-3.000000000000013767e-02
1.000000000000011990e-02
-4.000000000000047962e-02
-3.000000000000013767e-02
-5.000000000000015543e-02
-6.000000000000005329e-02
9.999999999999786837e-03
3.000000000000002665e-02
2.000000000000012879e-02
-1.000000000000011990e-02
-4.000000000000025757e-02
-4.999999999999993339e-02
-1.999999999999957367e-02
1.000000000000000888e-02
-1.000000000000000888e-02
-1.000000000000056399e-02
9.999999999999786837e-03
1.000000000000000888e-02
1.000000000000000888e-02
-2.000000000000001776e-02
-3.000000000000013767e-02
-4.000000000000014655e-02
-5.000000000000015543e-02
-2.000000000000012879e-02
1.000000000000011990e-02
2.999999999999969358e-02
5.999999999999994227e-02
1.000000000000000888e-02
-3.000000000000013767e-02
0.000000000000000000e+00
-9.999999999999675815e-03
-1.999999999999990674e-02
-3.000000000000013767e-02
-1.000000000000000888e-02
0.000000000000000000e+00
-2.999999999999969358e-02
-2.999999999999969358e-02
-2.000000000000012879e-02
-4.000000000000009104e-02
-3.000000000000008216e-02
-9.999999999999786837e-03
3.330669073875469621e-16
2.000000000000007327e-02
0.000000000000000000e+00
-4.000000000000020206e-02
-2.000000000000062839e-02
-3.330669073875469621e-16
-3.000000000000013767e-02
-1.000000000000000888e-02
1.000000000000006439e-02
1.999999999999957367e-02
4.999999999999998890e-02
2.000000000000007327e-02
-3.000000000000013767e-02
-3.000000000000013767e-02
-3.885780586188047891e-16
-3.330669073875469621e-16
-1.000000000000006439e-02
0.000000000000000000e+00
2.000000000000012879e-02
4.999999999999960032e-02
-2.000000000000135003e-02
-4.000000000000014655e-02
1.000000000000006439e-02
-2.000000000000007327e-02
-3.000000000000002665e-02
-4.000000000000009104e-02
-9.999999999999953371e-03
0.000000000000000000e+00
-2.000000000000012879e-02
0.000000000000000000e+00
2.000000000000029532e-02
2.000000000000012879e-02
-2.000000000000012879e-02
-5.000000000000026645e-02
9.999999999998732125e-03
5.999999999999933165e-02
4.000000000000009104e-02
-9.999999999999953371e-03
-5.000000000000015543e-02
-4.999999999999960032e-02
-3.999999999999948042e-02
-2.999999999999969358e-02
9.999999999999842348e-03
-2.000000000000295985e-02
-5.000000000000187628e-02
-5.551115123125782702e-17
-9.999999999999675815e-03
9.999999999999897859e-03
9.999999999999009681e-03
-2.000000000000007327e-02
-4.000000000000086819e-02
-3.000000000000119238e-02
2.999999999999958256e-02
2.999999999999902744e-02
0.000000000000000000e+00
-1.000000000000039746e-02
-7.216449660063517513e-16
0.000000000000000000e+00
2.000000000000151656e-02
4.000000000000086819e-02
-1.000000000000111910e-02
-2.000000000000073941e-02
2.999999999999958256e-02
9.999999999998232525e-03
-1.443289932012703503e-15
1.999999999999935163e-02
-2.999999999999902744e-02
-2.999999999999958256e-02
-5.551115123125782702e-17
-1.999999999999935163e-02
-5.999999999999916511e-02
-5.999999999999949818e-02
-1.000000000000111910e-02
9.999999999999675815e-03
9.999999999999675815e-03
3.999999999999942490e-02
4.999999999999982236e-02
2.000000000000073941e-02
-1.000000000000039746e-02
-2.000000000000001776e-02
-9.999999999999842348e-03
-3.000000000000119238e-02
-3.000000000000119238e-02
0.000000000000000000e+00
9.999999999999675815e-03
1.999999999999974021e-02
9.999999999999731326e-03
1.999999999999929612e-02
6.000000000000094147e-02
3.000000000000191402e-02
-9.999999999999842348e-03
-2.000000000000079492e-02
-1.387778780781445676e-15
4.000000000000020206e-02
2.000000000000079492e-02
-9.999999999999842348e-03
-3.000000000000047073e-02
-5.999999999999949818e-02
-3.999999999999870326e-02
-1.999999999999940714e-02
-2.999999999999958256e-02
-9.999999999999675815e-03
-3.999999999999870326e-02
-5.999999999999952593e-02
-3.000000000000049849e-02
0.000000000000000000e+00
9.999999999999703570e-03
0.000000000000000000e+00
-1.000000000000039746e-02
-2.000000000000004552e-02
-1.999999999999971245e-02
1.000000000000106359e-02
4.999999999999985012e-02
3.999999999999942490e-02
1.000000000000036970e-02
9.999999999999870104e-03
9.999999999999675815e-03
-9.999999999999675815e-03
-4.000000000000086819e-02
-4.000000000000086819e-02
-1.999999999999968470e-02
-9.999999999999648059e-03
9.999999999999648059e-03
-1.000000000000111910e-02
-3.000000000000044298e-02
-9.999999999999870104e-03
-1.000000000000036970e-02
-1.000000000000039746e-02
-1.000000000000036970e-02
-7.216449660063517513e-16
3.999999999999945266e-02
2.999999999999905520e-02
0.000000000000000000e+00
0.000000000000000000e+00
0.000000000000000000e+00
0.000000000000000000e+00
4.000000000000156208e-02
7.000000000000061728e-02
3.999999999999942490e-02
1.000000000000039746e-02
9.999999999999842348e-03
-1.000000000000111910e-02
-1.000000000000111910e-02
-1.000000000000111910e-02
-1.000000000000109135e-02
3.999999999999945266e-02
1.999999999999865774e-02
-7.216449660063517513e-16
3.000000000000047073e-02
-9.999999999998288036e-03
-2.999999999999958256e-02
1.000000000000039746e-02
2.999999999999980460e-02
-1.387778780781445676e-15
-2.000000000000079492e-02
2.999999999999952704e-02
-1.000000000000250688e-02
-5.000000000000121014e-02
-3.000000000000047073e-02
-2.000000000000076716e-02
9.999999999999870104e-03
9.999999999999675815e-03
0.000000000000000000e+00
-1.000000000000039746e-02
-1.000000000000036970e-02
0.000000000000000000e+00
-1.000000000000042522e-02
-2.000000000000004552e-02
-4.000000000000086819e-02
-4.000000000000084044e-02
9.999999999999842348e-03
1.999999999999935163e-02
-9.999999999999703570e-03
-4.000000000000086819e-02
-2.000000000000146105e-02
0.000000000000000000e+00
-2.000000000000007327e-02
-2.000000000000007327e-02
-9.999999999999675815e-03
9.999999999999675815e-03
2.999999999999958256e-02
4.000000000000011879e-02
3.000000000000047073e-02
9.999999999999703570e-03
-1.999999999999935163e-02
-2.999999999999955480e-02
-9.999999999999703570e-03
2.775557561562891351e-17
-2.775557561562891351e-17
1.999999999999935163e-02
2.999999999999955480e-02
2.000000000000010103e-02
1.000000000000039746e-02
-2.000000000000079492e-02
-1.415534356397074589e-15
2.999999999999958256e-02
9.999999999999675815e-03
1.999999999999937939e-02
2.999999999999972133e-02
1.000000000000039746e-02
-9.999999999999870104e-03
-1.999999999999974021e-02
-3.000000000000133116e-02
-2.000000000000184963e-02
0.000000000000000000e+00
-1.999999999999971245e-02
-3.999999999999942490e-02
-4.000000000000081268e-02
-1.000000000000234035e-02
-1.999999999999971245e-02
-2.999999999999955480e-02
1.999999999999971245e-02
1.999999999999901856e-02
0.000000000000000000e+00
1.999999999999971245e-02
2.999999999999958256e-02
0.000000000000000000e+00
2.000000000000326517e-02
5.000000000000179301e-02
4.999999999999932276e-02
9.999999999999842348e-03
-9.999999999999870104e-03
-1.415534356397074589e-15
-2.999999999999994338e-02
-2.999999999999958256e-02
-1.999999999999971245e-02
-9.999999999999842348e-03
-1.000000000000089706e-02
-2.999999999999994338e-02
-1.999999999999974021e-02
9.999999999999870104e-03
1.999999999999974021e-02
9.999999999999537037e-03
-2.775557561562891351e-17
-9.999999999999870104e-03
0.000000000000000000e+00
0.000000000000000000e+00
-9.999999999999509281e-03
0.000000000000000000e+00
0.000000000000000000e+00
0.000000000000000000e+00
-9.999999999999870104e-03
-2.000000000000040634e-02
-1.415534356397074589e-15
1.999999999999971245e-02
0.000000000000000000e+00
-1.999999999999971245e-02
-9.999999999999481526e-03
-1.999999999999901856e-02
-2.999999999999958256e-02
-1.999999999999972633e-02
-1.999999999999971245e-02
-9.999999999999509281e-03
9.999999999999509281e-03
9.999999999999856226e-03
-1.999999999999971245e-02
-9.999999999999856226e-03
9.999999999999495404e-03
0.000000000000000000e+00
1.999999999999971245e-02
2.999999999999958256e-02
9.999999999999870104e-03
-9.999999999999870104e-03
-9.999999999999495404e-03
-9.999999999999509281e-03
-9.999999999999856226e-03
0.000000000000000000e+00
-9.999999999999856226e-03
1.415534356397074589e-15
1.415534356397074589e-15
0.000000000000000000e+00
0.000000000000000000e+00
-9.999999999999856226e-03
-1.000000000000092482e-02
-1.000000000000092482e-02
0.000000000000000000e+00
9.999999999999856226e-03
9.999999999999856226e-03
0.000000000000000000e+00
0.000000000000000000e+00
-2.999999999999956868e-02
-2.999999999999956868e-02
0.000000000000000000e+00
1.000000000000093175e-02
2.000000000000042716e-02
9.999999999999856226e-03
0.000000000000000000e+00
9.999999999999856226e-03
9.999999999999495404e-03
0.000000000000000000e+00
0.000000000000000000e+00
0.000000000000000000e+00
9.999999999999856226e-03
9.999999999999509281e-03
1.999999999999900469e-02
1.999999999999972633e-02
9.999999999999842348e-03
9.999999999999842348e-03
-2.775557561562891351e-17
-9.999999999999481526e-03
-2.999999999999956868e-02
-1.999999999999972633e-02
-9.999999999999856226e-03
-9.999999999999509281e-03
0.000000000000000000e+00
0.000000000000000000e+00
0.000000000000000000e+00
1.999999999999971245e-02
1.999999999999901856e-02
1.999999999999900469e-02
2.999999999999958256e-02
9.999999999999870104e-03
-9.999999999999870104e-03
-9.999999999999537037e-03
9.999999999999537037e-03
9.999999999999870104e-03
0.000000000000000000e+00
0.000000000000000000e+00
0.000000000000000000e+00
9.999999999999481526e-03
9.999999999999842348e-03
0.000000000000000000e+00
0.000000000000000000e+00
-2.000000000000184963e-02
-2.000000000000182188e-02
1.999999999999971245e-02
0.000000000000000000e+00
-2.999999999999955480e-02
-2.000000000000042022e-02
-2.000000000000043410e-02
0.000000000000000000e+00
1.999999999999972633e-02
1.999999999999971245e-02
-1.415534356397074589e-15
1.999999999999757527e-02
2.999999999999955480e-02
0.000000000000000000e+00
-1.999999999999971245e-02
-9.999999999998065991e-03
1.443289932012703503e-15
0.000000000000000000e+00
-1.999999999999971245e-02
-2.999999999999958256e-02
1.387778780781445676e-17
-9.999999999999509281e-03
-9.999999999999856226e-03
0.000000000000000000e+00
0.000000000000000000e+00
-1.000000000000092482e-02
-1.415534356397074589e-15
1.999999999999971245e-02
1.999999999999972633e-02
0.000000000000000000e+00
-2.000000000000042022e-02
-1.000000000000092482e-02
0.000000000000000000e+00
0.000000000000000000e+00
9.999999999999856226e-03
9.999999999999509281e-03
-1.387778780781445676e-17
0.000000000000000000e+00
9.999999999999870104e-03
0.000000000000000000e+00
-2.000000000000042022e-02
-1.000000000000092482e-02
9.999999999999856226e-03
9.999999999999856226e-03
9.999999999999870104e-03
9.999999999999509281e-03
-1.999999999999900469e-02
-3.999999999999943878e-02
-1.999999999999971245e-02
-9.999999999999856226e-03
3.000000000000418998e-02
5.000000000000318079e-02
0.000000000000000000e+00
-1.999999999999972633e-02
-9.999999999999856226e-03
0.000000000000000000e+00
0.000000000000000000e+00
0.000000000000000000e+00
0.000000000000000000e+00
1.999999999999972633e-02
1.999999999999900469e-02
1.999999999999901856e-02
1.999999999999971245e-02
-1.999999999999971245e-02
-1.999999999999971245e-02
-1.000000000000092482e-02
-1.429412144204889046e-15
9.999999999999870104e-03
-9.999999999999870104e-03
-9.999999999999870104e-03
-1.000000000000091094e-02
-1.000000000000092482e-02
0.000000000000000000e+00
0.000000000000000000e+00
-9.999999999999856226e-03
1.000000000000234035e-02
2.000000000000183575e-02
0.000000000000000000e+00
0.000000000000000000e+00
0.000000000000000000e+00
1.387778780781445676e-17
-1.387778780781445676e-17
0.000000000000000000e+00
9.999999999999870104e-03
9.999999999999870104e-03
0.000000000000000000e+00
-9.999999999999509281e-03
0.000000000000000000e+00
9.999999999999870104e-03
-9.999999999999870104e-03
1.429412144204889046e-15
1.000000000000092482e-02
9.999999999999842348e-03
9.999999999999842348e-03
9.999999999999870104e-03
9.999999999999509281e-03
9.999999999999481526e-03
9.999999999999842348e-03
9.999999999999870104e-03
9.999999999999870104e-03
-1.000000000000092482e-02
-1.000000000000092482e-02
0.000000000000000000e+00
0.000000000000000000e+00
-9.999999999999842348e-03
-2.000000000000043410e-02
-1.000000000000092482e-02
-2.999999999999956868e-02
-3.999999999999942490e-02
-1.999999999999971245e-02
1.000000000000235423e-02
3.000000000000134504e-02
-9.999999999999856226e-03
-1.999999999999971245e-02
0.000000000000000000e+00
0.000000000000000000e+00
0.000000000000000000e+00
0.000000000000000000e+00
-9.999999999999856226e-03
-1.999999999999971245e-02
1.415534356397074589e-15
1.000000000000091094e-02
9.999999999999856226e-03
9.999999999999856226e-03
0.000000000000000000e+00
0.000000000000000000e+00
1.999999999999900469e-02
1.999999999999971245e-02
0.000000000000000000e+00
0.000000000000000000e+00
1.000000000000093869e-02
1.000000000000092482e-02
-9.999999999999870104e-03
0.000000000000000000e+00
1.999999999999971245e-02
-1.415534356397074589e-15
-1.000000000000092482e-02
0.000000000000000000e+00
0.000000000000000000e+00
9.999999999999842348e-03
-1.415534356397074589e-15
-2.999999999999992950e-02
-1.999999999999972633e-02
-9.999999999999856226e-03
-1.999999999999971245e-02
-3.000000000000133810e-02
-2.000000000000184963e-02
-1.999999999999971939e-02
-2.999999999999957562e-02
-9.999999999999856226e-03
2.000000000000184616e-02
2.000000000000184616e-02
0.000000000000000000e+00
0.000000000000000000e+00
0.000000000000000000e+00
0.000000000000000000e+00
0.000000000000000000e+00
0.000000000000000000e+00
-9.999999999999856226e-03
0.000000000000000000e+00
9.999999999999502343e-03
0.000000000000000000e+00
0.000000000000000000e+00
0.000000000000000000e+00
0.000000000000000000e+00
0.000000000000000000e+00
9.999999999999502343e-03
9.999999999999863165e-03
-1.999999999999971939e-02
-1.999999999999971939e-02
0.000000000000000000e+00
0.000000000000000000e+00
1.999999999999971939e-02
1.999999999999971939e-02
9.999999999999856226e-03
9.999999999999509281e-03
9.999999999999495404e-03
9.999999999999856226e-03
0.000000000000000000e+00
0.000000000000000000e+00
0.000000000000000000e+00
0.000000000000000000e+00
9.999999999999856226e-03
-9.999999999999856226e-03
-1.999999999999971245e-02
0.000000000000000000e+00
9.999999999999495404e-03
9.999999999999856226e-03
-9.999999999999856226e-03
-9.999999999999856226e-03
-1.000000000000093175e-02
-1.000000000000093869e-02
0.000000000000000000e+00
9.999999999999856226e-03
1.999999999999971245e-02
9.999999999999495404e-03
-1.999999999999687444e-02
-1.999999999999688138e-02
-1.000000000000057093e-02
-1.000000000000127870e-02
0.000000000000000000e+00
9.999999999998440692e-03
1.999999999999971939e-02
1.000000000000056399e-02
0.000000000000000000e+00
1.000000000000127176e-02
-1.999999999999404338e-02
-2.999999999999531514e-02
0.000000000000000000e+00
9.999999999998440692e-03
9.999999999998433753e-03
6.938893903907228378e-18
-6.938893903907228378e-18
0.000000000000000000e+00
-1.999999999999686751e-02
-1.999999999999687444e-02
0.000000000000000000e+00
-1.000000000000127870e-02
0.000000000000000000e+00
1.000000000000128217e-02
1.000000000000127870e-02
1.999999999999971939e-02
9.999999999998433753e-03
0.000000000000000000e+00
6.938893903907228378e-18
1.000000000000127870e-02
1.000000000000127870e-02
1.000000000000127176e-02
1.000000000000057787e-02
0.000000000000000000e+00
0.000000000000000000e+00
0.000000000000000000e+00
1.000000000000127176e-02
1.000000000000055012e-02
-9.999999999998426814e-03
-1.999999999999969857e-02
-1.999999999999970551e-02
-9.999999999998440692e-03
0.000000000000000000e+00
-9.999999999998433753e-03
-9.999999999998440692e-03
0.000000000000000000e+00
1.000000000000127870e-02
1.000000000000057093e-02
6.938893903907228378e-18
-1.000000000000128564e-02
-1.000000000000127870e-02
0.000000000000000000e+00
0.000000000000000000e+00
-9.999999999998433753e-03
-9.999999999998433753e-03
0.000000000000000000e+00
0.000000000000000000e+00
0.000000000000000000e+00
0.000000000000000000e+00
1.000000000000127870e-02
1.000000000000127870e-02
1.000000000000127870e-02
1.000000000000057093e-02
6.938893903907228378e-18
-6.938893903907228378e-18
9.999999999998440692e-03
-2.844946500601963635e-15
-1.000000000000056399e-02
6.938893903907228378e-18
-6.938893903907228378e-18
-9.999999999998433753e-03
-9.999999999998440692e-03
-1.000000000000056399e-02
-1.999999999999971592e-02
-9.999999999998440692e-03
-9.999999999998433753e-03
-9.999999999998437222e-03
0.000000000000000000e+00
0.000000000000000000e+00
0.000000000000000000e+00
0.000000000000000000e+00
0.000000000000000000e+00
1.000000000000056746e-02
1.000000000000128217e-02
-3.469446951953614189e-18
3.469446951953614189e-18
1.000000000000127523e-02
2.000000000000113493e-02
1.000000000000127870e-02
1.000000000000127870e-02
1.000000000000128564e-02
-1.000000000000128564e-02
-1.000000000000057093e-02
0.000000000000000000e+00
1.000000000000127870e-02
1.999999999999971939e-02
9.999999999998440692e-03
0.000000000000000000e+00
0.000000000000000000e+00
0.000000000000000000e+00
0.000000000000000000e+00
1.000000000000127176e-02
1.000000000000057787e-02
9.999999999998426814e-03
-2.844946500601963635e-15
-1.999999999999971245e-02
-1.999999999999972633e-02
-2.000000000000113493e-02
-2.838007606698056406e-15
9.999999999998433753e-03
6.938893903907228378e-18
-1.000000000000128564e-02
-1.000000000000057093e-02
9.999999999998440692e-03
9.999999999998433753e-03
6.938893903907228378e-18
-6.938893903907228378e-18
0.000000000000000000e+00
6.938893903907228378e-18
-6.938893903907228378e-18
6.938893903907228378e-18
-1.000000000000128564e-02
-2.000000000000113493e-02
-1.999999999999971592e-02
-9.999999999998440692e-03
-9.999999999998433753e-03
2.841477053650010021e-15
1.000000000000128217e-02
-3.469446951953614189e-18
0.000000000000000000e+00
3.469446951953614189e-18
-3.469446951953614189e-18
1.999999999999687444e-02
1.999999999999687098e-02
-1.000000000000056399e-02
-2.844946500601963635e-15
9.999999999998433753e-03
-9.999999999998433753e-03
-1.999999999999971245e-02
0.000000000000000000e+00
1.000000000000128217e-02
1.000000000000127870e-02
1.000000000000127870e-02
0.000000000000000000e+00
0.000000000000000000e+00
0.000000000000000000e+00
-1.000000000000127870e-02
-1.999999999999971592e-02
-1.999999999999971939e-02
-1.000000000000056746e-02
-9.999999999998437222e-03
-9.999999999998437222e-03
0.000000000000000000e+00
1.000000000000127870e-02
1.000000000000056920e-02
0.000000000000000000e+00
1.000000000000127870e-02
1.000000000000128217e-02
-3.469446951953614189e-18
-1.000000000000056746e-02
-1.000000000000127870e-02
0.000000000000000000e+00
0.000000000000000000e+00
0.000000000000000000e+00
0.000000000000000000e+00
0.000000000000000000e+00
1.000000000000127870e-02
1.000000000000128217e-02
1.000000000000127523e-02
1.000000000000057093e-02
0.000000000000000000e+00
0.000000000000000000e+00
0.000000000000000000e+00
-1.000000000000127870e-02
-1.000000000000057093e-02
9.999999999998440692e-03
9.999999999998433753e-03
0.000000000000000000e+00
0.000000000000000000e+00
0.000000000000000000e+00
0.000000000000000000e+00
1.000000000000127870e-02
1.000000000000127870e-02
1.000000000000127870e-02
1.000000000000057093e-02
6.938893903907228378e-18
-6.938893903907228378e-18
6.938893903907228378e-18
-6.938893903907228378e-18
0.000000000000000000e+00
6.938893903907228378e-18
1.000000000000127870e-02
1.000000000000127870e-02
0.000000000000000000e+00
-1.000000000000056399e-02
-1.000000000000127870e-02
-6.938893903907228378e-18
6.938893903907228378e-18
-1.000000000000128564e-02
-1.000000000000057093e-02
-9.999999999998433753e-03
-9.999999999998433753e-03
-9.999999999998437222e-03
2.838007606698056406e-15
1.000000000000057093e-02
0.000000000000000000e+00
0.000000000000000000e+00
0.000000000000000000e+00
0.000000000000000000e+00
1.000000000000056399e-02
1.000000000000127870e-02
-2.000000000000255740e-02
-2.000000000000255393e-02
-3.469446951953614189e-18
0.000000000000000000e+00
3.469446951953614189e-18
-3.469446951953614189e-18
-9.999999999998433753e-03
-9.999999999998437222e-03
0.000000000000000000e+00
0.000000000000000000e+00
0.000000000000000000e+00
0.000000000000000000e+00
0.000000000000000000e+00
-1.000000000000056920e-02
-1.000000000000127870e-02
0.000000000000000000e+00
0.000000000000000000e+00
0.000000000000000000e+00
1.000000000000056920e-02
1.000000000000128043e-02
2.000000000000255740e-02
2.000000000000256087e-02
0.000000000000000000e+00
-1.000000000000057093e-02
-1.000000000000127523e-02
-3.469446951953614189e-18
-9.999999999998433753e-03
-9.999999999998437222e-03
0.000000000000000000e+00
0.000000000000000000e+00
0.000000000000000000e+00
0.000000000000000000e+00
0.000000000000000000e+00
0.000000000000000000e+00
-9.999999999998437222e-03
-9.999999999998437222e-03
0.000000000000000000e+00
0.000000000000000000e+00
1.000000000000056920e-02
1.000000000000128043e-02
0.000000000000000000e+00
0.000000000000000000e+00
0.000000000000000000e+00
0.000000000000000000e+00
0.000000000000000000e+00
0.000000000000000000e+00
9.999999999998437222e-03
9.999999999998433753e-03
1.000000000000057093e-02
2.844946500601963635e-15
-9.999999999998440692e-03
9.999999999998440692e-03
1.999999999999971245e-02
1.000000000000056399e-02
0.000000000000000000e+00
0.000000000000000000e+00
0.000000000000000000e+00
0.000000000000000000e+00
0.000000000000000000e+00
-9.999999999998433753e-03
-9.999999999998433753e-03
-9.999999999998437222e-03
2.838007606698056406e-15
1.000000000000057093e-02
0.000000000000000000e+00
0.000000000000000000e+00
0.000000000000000000e+00
0.000000000000000000e+00
1.000000000000056399e-02
1.000000000000127870e-02
0.000000000000000000e+00
0.000000000000000000e+00
-2.000000000000255740e-02
-2.000000000000113493e-02
3.469446951953614189e-18
-3.469446951953614189e-18
3.469446951953614189e-18
-3.469446951953614189e-18
1.000000000000057093e-02
1.000000000000128217e-02
0.000000000000000000e+00
0.000000000000000000e+00
0.000000000000000000e+00
0.000000000000000000e+00
0.000000000000000000e+00
0.000000000000000000e+00
0.000000000000000000e+00
-1.000000000000127870e-02
-1.000000000000057093e-02
-9.999999999998433753e-03
2.841477053650010021e-15
1.000000000000128217e-02
-2.000000000000256087e-02
-2.000000000000113493e-02
0.000000000000000000e+00
0.000000000000000000e+00
0.000000000000000000e+00
0.000000000000000000e+00
0.000000000000000000e+00
0.000000000000000000e+00
1.000000000000127870e-02
1.999999999999971939e-02
9.999999999998433753e-03
0.000000000000000000e+00
3.469446951953614189e-18
-1.000000000000128217e-02
-1.000000000000127870e-02
0.000000000000000000e+00
0.000000000000000000e+00
0.000000000000000000e+00
0.000000000000000000e+00
0.000000000000000000e+00
1.000000000000127870e-02
0.000000000000000000e+00
-1.999999999999971592e-02
-9.999999999998437222e-03
0.000000000000000000e+00
0.000000000000000000e+00
0.000000000000000000e+00
0.000000000000000000e+00
0.000000000000000000e+00
0.000000000000000000e+00
0.000000000000000000e+00
0.000000000000000000e+00
9.999999999998437222e-03
-2.843211777125986828e-15
-1.000000000000127870e-02
0.000000000000000000e+00
0.000000000000000000e+00
9.999999999998437222e-03
9.999999999998435488e-03
0.000000000000000000e+00
0.000000000000000000e+00
0.000000000000000000e+00
0.000000000000000000e+00
0.000000000000000000e+00
0.000000000000000000e+00
1.000000000000127870e-02
1.000000000000056746e-02
-9.999999999998433753e-03
-9.999999999998437222e-03
0.000000000000000000e+00
0.000000000000000000e+00
0.000000000000000000e+00
0.000000000000000000e+00
-1.000000000000127870e-02
-1.000000000000127870e-02
0.000000000000000000e+00
0.000000000000000000e+00
0.000000000000000000e+00
