1.000000000000000000e+00
9.989826489278232913e-01
9.960689517076227739e-01
9.916147246546080929e-01
9.860343987413214828e-01
9.795961361757672403e-01
9.722677118116174189e-01
9.636778074079928036e-01
9.532292487301177175e-01
9.402913763806577396e-01
9.244006782599847316e-01
9.053810408711282509e-01
8.833557474867312909e-01
8.586678556003759510e-01
8.317415667253305056e-01
8.029367840348615726e-01
7.724475731634885545e-01
7.402655845073573548e-01
7.062052674450037815e-01
6.699724161190070415e-01
6.312381011980424672e-01
5.896955735896887152e-01
5.450881388609106759e-01
4.972251425663535285e-01
4.459905129120808609e-01
3.913692031207473554e-01
3.334806597533759853e-01
2.726224866820043391e-01
2.093024366488627774e-01
1.442459689392628086e-01
7.836464713809115912e-02
1.270205014239909891e-02
-5.162010596527625422e-02
-1.134694077581644978e-01
-1.717567680069979341e-01
-2.255221090876483037e-01
-2.740373684348307304e-01
-3.169109238058814837e-01
-3.541010344365018714e-01
-3.858498299833824641e-01
-4.125422048029723787e-01
-4.345805538799903944e-01
-4.523506444794785919e-01
-4.662307387669811787e-01
-4.765760298827592667e-01
-4.837321233166434475e-01
-4.880747547750162729e-01
-4.900280299590242805e-01
-4.900558342555610958e-01
-4.885962266962798339e-01
-4.860244503667763838e-01
-4.826429569301950440e-01
-4.786786365617210492e-01
-4.742635937129238144e-01
-4.694578799968285310e-01
-4.642874001914431559e-01
-4.587683362516268848e-01
-4.529249372831531950e-01
-4.468076562869597312e-01
-4.404909236459467192e-01
-4.340222171606775148e-01
-4.274097815227140273e-01
-4.206851900331274319e-01
-4.139592752898262340e-01
-4.074026258080926111e-01
-4.011840159769392011e-01
-3.954618193625767386e-01
-3.904172175231110375e-01
-3.861397384535277255e-01
-3.825239692063377439e-01
-3.793382042284810240e-01
-3.763749224660193904e-01
-3.735277321845331122e-01
-3.707687577072938945e-01
-3.681038490340710068e-01
-3.655021242272277204e-01
-3.628833680917475379e-01
-3.601740848317527277e-01
-3.573776833418442211e-01
-3.545732476830200652e-01
-3.518635896164446497e-01
-3.493140463174796984e-01
-3.469635529757151282e-01
-3.448135581093547120e-01
-3.427954696431190773e-01
-3.408160838378638813e-01
-3.387710578523155935e-01
-3.365958028663266211e-01
-3.342999338008676435e-01
-3.319609512847536137e-01
-3.296667188215693378e-01
-3.274703021134640624e-01
-3.253478458256497952e-01
-3.231901135561946470e-01
-3.207897748353073508e-01
-3.179155006952467111e-01
-3.144107614227951153e-01
-3.102631268761070760e-01
-3.056124453473985092e-01
-3.006935871359270318e-01
-2.957711872859340452e-01
-2.910894973716784961e-01
-2.868180017484545097e-01
-2.830356944408962128e-01
-2.797410902764662644e-01
-2.768883915466357482e-01
-2.743869695874118220e-01
-2.720792529908429569e-01
-2.697805491445041670e-01
-2.673533948424274276e-01
-2.647322451733446491e-01
-2.618879247280191946e-01
-2.587947158964003513e-01
-2.554357936722994604e-01
-2.518416295354490853e-01
-2.481075890895101665e-01
-2.443430318645919697e-01
-2.405965706842713714e-01
-2.368380852814981896e-01
-2.330103113996911945e-01
-2.290927868746615581e-01
-2.251262987024624518e-01
-2.211937959072730886e-01
-2.173929645122493204e-01
-2.138342389259830223e-01
-2.106345833694987790e-01
-2.078984436341601016e-01
-2.057212665129178886e-01
-2.041940479863550983e-01
-2.034271739774437260e-01
-2.034888368773510869e-01
-2.043380476974490101e-01
-2.058100703507210472e-01
-2.076617887333625512e-01
-2.096414319520413794e-01
-2.115615612700709469e-01
-2.133709621494538355e-01
-2.151244731720085568e-01
-2.168597713675675387e-01
-2.185331962735892197e-01
-2.200959797978443155e-01
-2.215162705764333884e-01
-2.227922041251373386e-01
-2.239444857308709735e-01
-2.249836263518567303e-01
-2.258447102458732703e-01
-2.263497973155965681e-01
-2.262644608970201254e-01
-2.254408605294604961e-01
-2.238739401444483634e-01
-2.216492691365996859e-01
-2.188768546669186410e-01
-2.156699797683615527e-01
-2.121440127441283352e-01
-2.084132026182416997e-01
-2.045814237718590056e-01
-2.007317998734191311e-01
-1.969019119337009904e-01
-1.930568203444892883e-01
-1.890897374558899446e-01
-1.848761339066531117e-01
-1.803307002141688320e-01
-1.754446523458295382e-01
-1.702713203522280283e-01
-1.648947948223596083e-01
-1.594324131123973920e-01
-1.540733982552367209e-01
-1.490856630393388726e-01
-1.447450494169192914e-01
-1.412194535974493348e-01
-1.385575846069605488e-01
-1.366849342865901207e-01
-1.354579041462288247e-01
-1.347466182879157592e-01
-1.344616138783439052e-01
-1.344988257816892852e-01
-1.347058766186359502e-01
-1.349017487167246121e-01
-1.348875757450145874e-01
-1.344756866903909220e-01
-1.335374583300570073e-01
-1.320412316367611805e-01
-1.300423113248165008e-01
-1.276109225860926621e-01
-1.248412850938504792e-01
-1.219133812791998589e-01
-1.190653519693360418e-01
-1.165508425692458189e-01
-1.145459552737098791e-01
-1.130383816300433303e-01
-1.118457412430940295e-01
-1.107461904315996115e-01
-1.095806501988637882e-01
-1.082651800957172977e-01
-1.067528738943854527e-01
-1.050248096041601215e-01
-1.031060903537884127e-01
-1.010590109259033725e-01
-9.893516440725579064e-02
-9.677106850155561824e-02
-9.459369147921385668e-02
-9.241093826447414894e-02
-9.024116913357276004e-02
-8.813248943062744478e-02
-8.614973167315408131e-02
-8.430501342732490966e-02
-8.258255862610099085e-02
-8.097726883219015515e-02
-7.950089549597903760e-02
-7.819618244497374138e-02
-7.715794397913253166e-02
-7.649175377952505128e-02
-7.629203426587630177e-02
-7.660838277759859927e-02
-7.742125794890335200e-02
-7.864719495790624404e-02
-8.015901797203409118e-02
-8.179577843040186647e-02
-8.338438895626497371e-02
-8.479537974927503496e-02
-8.594741533096904307e-02
-8.677483265971461246e-02
-8.723138052383945518e-02
-8.732641215688115299e-02
-8.714965313856387619e-02
-8.682778193925282106e-02
-8.644829241586123036e-02
-8.606411062986467353e-02
-8.568898230430395391e-02
-8.527715974887721539e-02
-8.473552258183066066e-02
-8.398184713642856125e-02
-8.299595462286966929e-02
-8.180764781503821470e-02
-8.051846330981195232e-02
-7.929128979803513888e-02
-7.832143817391226670e-02
-7.779938782119841245e-02
-7.785036195650078816e-02
-7.844907864361193306e-02
-7.944215457133473046e-02
-8.058901436035642574e-02
-8.162576619086767127e-02
-8.232503404406914249e-02
-8.255337093199514864e-02
-8.229765802723633394e-02
-8.167760897014091082e-02
-8.089624095745794052e-02
-8.014992386095601273e-02
-7.953238521311042919e-02
-7.901098154304794785e-02
-7.845603714377168136e-02
-7.772070238477207793e-02
-7.672700341956890935e-02
-7.546885412819456795e-02
-7.396641250557797753e-02
-7.226693531269381965e-02
-7.046098116090351859e-02
-6.867093492307543845e-02
-6.701512764524529542e-02
-6.559782870181822545e-02
-6.447485585495008054e-02
-6.364722601371503030e-02
-6.306757960429833221e-02
-6.267281376450384300e-02
-6.239654864697081332e-02
-6.215146017735275613e-02
-6.184355328970990440e-02
-6.138758622211788751e-02
-6.073315864781822504e-02
-5.985556670995972883e-02
-5.877217994581867416e-02
-5.756251205960013356e-02
-5.633769713736458407e-02
-5.519023522649957325e-02
-5.416770191122163847e-02
-5.329060253377322642e-02
-5.255243026286592067e-02
-5.191894998789797766e-02
-5.133779037415440311e-02
-5.075252900922962163e-02
-5.012291765325693066e-02
-4.946335289575801847e-02
-4.887206569462430178e-02
-4.848006275558537637e-02
-4.837778443943817341e-02
-4.856632192201556369e-02
-4.899295330686390115e-02
-4.958194781928465522e-02
-5.026942837201390374e-02
-5.099553866604399077e-02
-5.170450824976201287e-02
-5.234145117553479915e-02
-5.289795968312347579e-02
-5.343148638347496732e-02
-5.404796050624819520e-02
-5.479820153519324860e-02
-5.565465250604303277e-02
-5.650102944108347652e-02
-5.717984298076761451e-02
-5.749890681605972220e-02
-5.727338720108287456e-02
-5.633782328180558796e-02
-5.461287577295683565e-02
-5.210975734478305588e-02
-4.890186392848185765e-02
-4.512425100344485268e-02
-4.096025692360337478e-02
-3.659347594028610623e-02
-3.217416918532022690e-02
-2.783923156073173782e-02
-2.374512597433528494e-02
-2.007191823336151870e-02
-1.697422067854146774e-02
-1.454368614644905786e-02
-1.277799832802838619e-02
-1.156588164872946779e-02
-1.071276502241476532e-02
-1.004234928728090469e-02
-9.454189082272183853e-03
-8.907976805307853130e-03
-8.381049583331091554e-03
-7.870596120107150456e-03
-7.406760070314383736e-03
-7.077353285253649463e-03
-6.977143351183070358e-03
-7.162898608206738453e-03
-7.649628591069592906e-03
-8.401740811061380806e-03
-9.378577174720018755e-03
-1.055008136675353141e-02
-1.189306921256315722e-02
-1.335361797584586584e-02
-1.484311913003528820e-02
-1.622094415564659386e-02
-1.734240441300851851e-02
-1.810642488310639300e-02
-1.848374276761525006e-02
-1.849232620676330083e-02
-1.819412121907634794e-02
-1.768532657043574846e-02
-1.707571726984305482e-02
-1.644911920646593972e-02
-1.584574623046393696e-02
-1.525540915127095165e-02
-1.463904458435040350e-02
-1.399998482247034014e-02
-1.329829111188151301e-02
-1.245355596861015372e-02
-1.148289811733910031e-02
-1.049508869668542253e-02
-9.640784748183219705e-03
-9.055454995662964510e-03
-8.807719163333546653e-03
-8.898459876832902349e-03
-9.278509686319899238e-03
-9.872263919752013311e-03
-1.059621837212204772e-02
-1.137639543306978238e-02
-1.217737545577691170e-02
-1.300428996538614303e-02
-1.386473423962244003e-02
-1.473173884445068589e-02
-1.556024575463424951e-02
-1.631133108217860256e-02
-1.695650344848453200e-02
-1.746996685241506558e-02
-1.782990684448642477e-02
-1.803730268945777718e-02
-1.814141600180845665e-02
-1.825170829124268465e-02
-1.850841942770795057e-02
-1.903533996156215810e-02
-1.987492171055658258e-02
-2.099455782991938718e-02
-2.233811708849372385e-02
-2.384383500861981739e-02
-2.544803901209470240e-02
-2.710871873325467266e-02
-2.881925542484894270e-02
-3.057183205214736993e-02
-3.227731902007683479e-02
-3.374656475184228260e-02
-3.476570239113518923e-02
-3.518462134420701631e-02
-3.490964707862240224e-02
-3.392665419810138999e-02
-3.231718789975453199e-02
-3.023290300888286514e-02
-2.786401554351916957e-02
-2.534510564414818243e-02
-2.272864152766145007e-02
-2.003995814922529192e-02
-1.735055588307924529e-02
-1.477909091557871521e-02
-1.244549150562753587e-02
-1.040748619220857075e-02
-8.681404866518171656e-03
-7.268820515142286089e-03
-6.189054641020469601e-03
-5.480771897927829046e-03
-5.130127589662334536e-03
-5.035063891378168538e-03
-5.014816158906519085e-03
-4.895941455922011958e-03
-4.571822248610969176e-03
-4.054154725627957812e-03
-3.421032184837292239e-03
-2.694426318146197086e-03
-1.840264845176235948e-03
-8.482441948066288956e-04
2.467560011745562141e-04
1.359433976120623085e-03
2.364664576461461727e-03
3.168743155696617398e-03
3.753426990782239916e-03
4.196990334325937863e-03
4.665792012073556767e-03
5.344637117060993016e-03
6.365767092983943068e-03
7.769203800648508129e-03
9.511073918418320658e-03
1.145800374431683345e-02
1.338843514334799034e-02
1.501431013719150415e-02
1.610310520739305015e-02
1.660260629700871515e-02
1.662604543172619201e-02
1.635959042868841140e-02
1.599706154201250771e-02
1.567403726108940534e-02
1.549223157457675464e-02
1.553647983720873524e-02
1.587454502119219416e-02
1.647557611061806898e-02
1.721086659206814973e-02
1.793768320924004830e-02
1.858868064119151980e-02
1.922943933020868773e-02
2.001005192212379838e-02
2.110346033177092073e-02
2.266257770649804729e-02
2.474666002894876024e-02
2.723774421362261389e-02
2.990567628747092116e-02
3.252890680001842977e-02
3.488997588501376035e-02
3.678862868401257952e-02
3.806736816389583861e-02
3.868180066806219120e-02
3.875118232334028717e-02
3.848267266236459622e-02
3.804761479608608638e-02
3.751143170994471199e-02
3.686435264261998801e-02
3.611231786148084294e-02
3.534190040521009712e-02
3.472081852242376449e-02
3.443211194843908557e-02
3.459779930850293006e-02
3.522037440819741211e-02
3.615417920914890809e-02
3.718375002493856663e-02
3.813448896121884174e-02
3.888980872153212365e-02
3.934354170814414325e-02
3.935939855778495394e-02
3.879048298453548205e-02
3.754182097119904138e-02
3.565713733937741353e-02
3.329040464741300775e-02
3.066596846282024572e-02
2.801168473077462334e-02
2.550719574478148635e-02
2.325801126367273847e-02
2.129299692584261244e-02
1.963569621595413414e-02
1.837828142618634295e-02
1.767140488084199129e-02
1.764872373768856806e-02
1.835502547797871614e-02
1.970451065867268384e-02
2.151068358326298571e-02
2.355021230755199868e-02
2.557608929752177782e-02
2.737089333783240472e-02
2.879781927441278297e-02
2.983215432898814884e-02
3.052740474847264254e-02
3.098112781304033017e-02
3.130951663343515406e-02
3.162690751114732163e-02
3.203892571653757515e-02
3.261728731160487560e-02
3.335455496270987863e-02
3.416600599019165713e-02
3.488085859093280339e-02
3.531848397636839360e-02
3.534549713565520584e-02
3.491010439597051762e-02
3.405046209312895256e-02
3.286776244577657713e-02
3.150583445837248919e-02
3.007927649223002611e-02
2.862886279264620012e-02
2.715446647550448164e-02
2.565863312505750615e-02
2.417134579215982765e-02
2.273957116142708013e-02
2.141600538064504858e-02
2.026468718844489161e-02
1.937231766924798690e-02
1.878697021798398162e-02
1.849905804403660994e-02
1.846027740184173413e-02
1.861253523875307583e-02
1.886466312116033550e-02
1.910398489828272692e-02
1.922216497550897213e-02
1.909887120952480713e-02
1.860997511523869441e-02
1.771671503067194162e-02
1.652102010735381071e-02
1.520676661982213289e-02
1.390496749384505931e-02
1.264102856673586170e-02
1.138341539902063514e-02
1.011987290083153981e-02
8.800542395891328140e-03
7.287522584254422023e-03
5.443377156435228598e-03
3.249943164865956753e-03
8.287479661607294497e-04
-1.625442885103643535e-03
-3.868132091278542704e-03
-5.646864407959866113e-03
-6.772565820635781907e-03
-7.177720448069677128e-03
-6.902106594614470375e-03
-6.033816932660626686e-03
-4.640317203701056596e-03
-2.755386469804019765e-03
-4.972665845050072263e-04
1.972295497638825324e-03
4.479711828548640223e-03
6.840242395481495492e-03
8.885660081474315228e-03
1.052765353458174659e-02
1.172427650034614001e-02
1.245762411404108781e-02
1.271042374624963521e-02
1.247020834670227625e-02
1.170724636119657019e-02
1.040353059822464454e-02
8.606522414789858841e-03
6.479551326291326484e-03
4.212852367369421779e-03
1.947289064799564420e-03
-2.362319741772300904e-04
-2.247309051345717460e-03
-3.970038257770158903e-03
-5.302043255944350122e-03
-6.217115369964594171e-03
-6.767349530545942876e-03
-7.034282810730347647e-03
-7.078155937050803308e-03
-6.929209658217008218e-03
-6.561121292006593005e-03
-5.886779637512134199e-03
-4.823689450325094850e-03
-3.350197785010755689e-03
-1.508208123951728687e-03
6.209795942158047267e-04
2.946529869002034643e-03
5.391364597705434678e-03
7.890843883954525712e-03
1.037880814587919046e-02
1.281532861051119451e-02
1.517481927930648504e-02
1.743500495168176165e-02
1.952225065286416691e-02
2.133778156634933906e-02
2.278711570833681643e-02
2.381390685470985771e-02
2.441667597189025110e-02
2.465749236998825145e-02
2.462030292194301168e-02
2.435249700973525153e-02
2.386542973470807613e-02
2.319261719095498317e-02
2.239896652605347441e-02
2.157199394137884751e-02
2.078252775873301594e-02
2.013095232317356487e-02
1.972430846484649059e-02
1.962780973638285700e-02
1.985207857177444246e-02
2.037461782491846105e-02
2.116372472863083457e-02
2.217946883187981583e-02
2.337320590155399225e-02
2.470013103184444045e-02
2.609945623324575609e-02
2.749825392597097032e-02
2.880278390705602598e-02
2.991496701943185607e-02
3.074476664337973814e-02
3.120308202110123885e-02
3.122284829552713151e-02
3.078324666916930005e-02
2.990225858554192498e-02
2.862517838557782426e-02
2.702102809661989166e-02
2.519888550293825080e-02
2.330857101910143586e-02
2.152820872325295412e-02
2.001483160306657960e-02
1.889220013899011591e-02
1.825081261967185370e-02
1.814268661216467474e-02
1.856540155059526950e-02
1.945577061514907127e-02
2.073900696844336103e-02
2.234885396335908533e-02
2.422014728219712074e-02
2.624963443129649590e-02
2.830648232259187075e-02
3.023092033384504329e-02
3.181875407765234059e-02
3.285385110711279422e-02
3.316636394520007525e-02
3.267332746205371674e-02
3.137944447521513053e-02
2.936517466988808681e-02
2.680524684692156545e-02
2.392679846778163547e-02
2.092562170740700639e-02
1.792849892446922444e-02
1.504982874905390691e-02
1.240120813542218252e-02
1.006263284732075540e-02
8.036479546532627333e-03
6.256580532101807361e-03
4.583931776360858704e-03
2.892727275880229137e-03
1.149505446958785189e-03
-6.026792681498993739e-04
-2.292603257902026386e-03
-3.821900352665223884e-03
-5.032836096949116003e-03
-5.688639445648790982e-03
-5.552963898440937268e-03
-4.493632380484231803e-03
-2.539498792008136867e-03
1.345958710476202844e-04
3.271236360475489151e-03
6.633434630929997168e-03
1.006152286117803323e-02
1.345725910106414236e-02
1.673195021402433882e-02
1.980595449056037766e-02
2.260577693115623996e-02
2.510363703149580752e-02
2.730263404919764172e-02
2.919076105293479453e-02
3.066407615926320523e-02
3.151161696233112375e-02
3.151365784050781660e-02
3.053592423117486646e-02
2.856131587010316344e-02
2.569347813353925133e-02
2.213506220410407094e-02
1.815253905624130901e-02
1.400838724611238803e-02
9.969237456182554122e-03
6.293673386958678270e-03
3.201604165565470443e-03
8.375291281598862920e-04
-7.289985793626740625e-04
-1.533555343110699605e-03
-1.699575233043337926e-03
-1.435505931011784708e-03
-9.562601290603023850e-04
-4.503852099043326087e-04
-3.642508218143825408e-05
2.544094113050543427e-04
4.341605099152490263e-04
5.635392972556385605e-04
7.772179714405358375e-04
1.246102333873171314e-03
2.075085882585935276e-03
3.268229184739432618e-03
4.751503111312877989e-03
6.439199383724890022e-03
8.246490872313109316e-03
1.002233850042661550e-02
1.157407826089047048e-02
1.275176917339577304e-02
1.346378632336483507e-02
1.364356211166695837e-02
1.332886538984581065e-02
1.264999709961732270e-02
1.177026712714986274e-02
1.079505213275792734e-02
9.762129980656224226e-03
8.682304997247680331e-03
7.612379025501899051e-03
6.698527184835817785e-03
6.162179286711057073e-03
6.197137601364898114e-03
6.917052509820144357e-03
8.360176177472197073e-03
1.054645597568133752e-02
1.344702681744537956e-02
1.696889524612158612e-02
2.088498383682550752e-02
2.480075648901178265e-02
2.823820771437561897e-02
3.079989609904848838e-02
3.231637117271605325e-02
3.284541167719178673e-02
3.257220889527604607e-02
3.173782405844015331e-02
3.062453837009309482e-02
2.953081140865731688e-02
2.867621780634728793e-02
2.810407478777907087e-02
2.772930420980444441e-02
2.743518114662787249e-02
2.716027624466530593e-02
2.694027512415660477e-02
2.688492986618970168e-02
2.708612399430022910e-02
2.758732127937288045e-02
2.834011638539403813e-02
2.925457103792407018e-02
3.026179883810798180e-02
3.136839965270622060e-02
3.262223620927751783e-02
3.402545410179209223e-02
3.544640750191793005e-02
3.664972335417436555e-02
3.737369929365857296e-02
3.739547722883209552e-02
3.663966760843020976e-02
3.519247027803054650e-02
3.325215726705469527e-02
3.101695266931077735e-02
2.864149169631885830e-02
2.625877293352758129e-02
2.400523290246288008e-02
2.197334943039544811e-02
2.020291688966071794e-02
1.868269297220477229e-02
1.735974325830886775e-02
1.616192785549094846e-02
1.503602121991584779e-02
1.399022569498711149e-02
1.311372162467986865e-02
1.254254740325737652e-02
1.240739057698034449e-02
1.275643499931088630e-02
1.357634346208083306e-02
1.480751798577510138e-02
1.636677725729470886e-02
1.812268481805390588e-02
1.989443936710298330e-02
2.150576762256504668e-02
2.276255897562143998e-02
2.351036304706817168e-02
2.368797119749023114e-02
2.337356211951395479e-02
2.276435150593414045e-02
2.207792353662802604e-02
2.151202703140658173e-02
2.121521888488476712e-02
2.126898544405624036e-02
2.162373581823106433e-02
2.212536298800072201e-02
2.258947682858344214e-02
2.291171342739859937e-02
2.307308680820507191e-02
2.307663153138015885e-02
2.292822360029108872e-02
2.264594985241704869e-02
2.227375836183621491e-02
2.186085671033973638e-02
2.143339815810054241e-02
2.102989887598503277e-02
2.067666060220315835e-02
2.036179795739938639e-02
2.003943073878385744e-02
1.972058512506997055e-02
1.948778472850742557e-02
1.947518272868340589e-02
1.981610330454438781e-02
2.062397817116012194e-02
2.190094417007695457e-02
2.348314967096011563e-02
2.512842302296168506e-02
2.662965493919392315e-02
2.779898107219253359e-02
2.846431624210572428e-02
2.849080252887083511e-02
2.783190866598928351e-02
2.653136952879011148e-02
2.466872703647098389e-02
2.232644869075412625e-02
1.956630806737769471e-02
1.643163636999519020e-02
1.299770107202749547e-02
9.393542425925186998e-03
5.832325403116242826e-03
2.575434429659406721e-03
-1.266388350013281073e-04
-2.085630230188296585e-03
-3.199014066054025555e-03
-3.468759772969608537e-03
-3.023102219883956263e-03
-2.006123966128463536e-03
-5.529636143054017516e-04
1.221092697278841665e-03
3.196379278545959796e-03
5.268229938793729528e-03
7.335874841078306868e-03
9.308099052320516209e-03
1.111127836965480203e-02
1.267779160701705370e-02
1.395199146553828887e-02
1.486135509309588661e-02
1.535137901718428531e-02
1.543815833794143395e-02
1.524369710913424728e-02
1.493242567457939499e-02
1.464599671815195771e-02
1.445673569466397398e-02
1.444438301075426714e-02
1.473870681953346265e-02
1.547260141815316563e-02
1.673689383378351714e-02
1.857590924470242308e-02
2.095183891978801005e-02
2.372441329058426474e-02
2.666934000568189564e-02
2.954159979799589678e-02
3.208518508452937179e-02
3.406997826365320420e-02
3.530320980694492267e-02
3.570364568739036598e-02
3.534522546896665812e-02
3.443201730450210635e-02
3.320943448900112727e-02
3.181778562840512775e-02
3.025985267429336795e-02
2.848366112619742097e-02
2.646033027250896744e-02
2.418940231283787240e-02
2.166482920893634395e-02
1.888595711994479551e-02
1.591868070558119172e-02
1.290755591060779167e-02
1.005037935896887363e-02
7.582875311910385746e-03
5.773697806470978050e-03
4.845689449136054115e-03
4.924652223683270540e-03
6.038230625659113393e-03
8.147010395807343167e-03
1.112503315557787295e-02
1.476313668025199671e-02
1.876776267647228130e-02
2.278145441149328695e-02
2.646744066775078008e-02
2.957220132304562432e-02
3.195702636012888453e-02
3.358830355660374217e-02
3.448723119515714752e-02
3.471002233145372567e-02
3.436063156932031570e-02
3.357085229839859575e-02
3.246240449098834052e-02
3.110573382049201807e-02
2.951683582821565399e-02
2.771506783111923541e-02
2.575510490155098753e-02
2.371691530265836872e-02
2.167439934339034438e-02
1.970682898372829936e-02
1.785812407254528528e-02
1.610961207756157407e-02
1.439140009676853280e-02
1.260031212656584007e-02
1.063227148863511544e-02
8.409754217094523102e-03
5.904274101084190651e-03
3.165695040504992210e-03
2.754901124169406449e-04
-2.663711554938337066e-03
-5.540914663055803054e-03
-8.276921663554521677e-03
-1.080856244491483834e-02
-1.304016086089632154e-02
-1.481874283321181485e-02
-1.595870337851419338e-02
-1.631849350258168449e-02
-1.587949842018726923e-02
-1.474160002388519471e-02
-1.303313788077867241e-02
-1.087676912143564767e-02
-8.415568477283254592e-03
-5.839909997742090235e-03
-3.394011912100702855e-03
-1.361886225115829276e-03
2.020615006403048291e-05
6.966161848672564310e-04
8.237762879355659288e-04
5.623980754165495023e-04
-1.241993360774629185e-05
-8.240632195058784134e-04
-1.803090585278631581e-03
-2.907368126656795313e-03
-4.141230992010712375e-03
-5.496973805453509929e-03
-6.921254819393093255e-03
-8.356640715418120827e-03
-9.788683129178467682e-03
-1.126894374680443602e-02
-1.285769607495077134e-02
-1.456588899603766113e-02
-1.635034770600414869e-02
-1.810185596710678010e-02
-1.966707130715543081e-02
-2.082191777042437589e-02
-2.133660452512759279e-02
-2.105781308831775056e-02
-1.991535543465279903e-02
-1.796468340186888751e-02
-1.544360358445939774e-02
-1.273941488379840871e-02
-1.022968114304432206e-02
-8.155457760949835766e-03
-6.590347665830779272e-03
-5.511570170321912314e-03
-4.840974471455193086e-03
-4.458670017405355450e-03
-4.228932860123301059e-03
-3.953350948438181731e-03
-3.386953359942213027e-03
-2.376819207676830227e-03
-9.270240501478644105e-04
7.991244426512111648e-04
2.537786570735080932e-03
4.052892528270774994e-03
5.206589326892392677e-03
6.072641904135656250e-03
6.873802622324394311e-03
7.804505266962702588e-03
8.903373405893231368e-03
1.008495967736496891e-02
1.118565285514314459e-02
1.202054737935083495e-02
1.246056450017544483e-02
1.245612404344898470e-02
1.204378970760137425e-02
1.131192676005104286e-02
1.030978239468548219e-02
8.996256529029892160e-03
7.288577380581600165e-03
5.151266884256491645e-03
2.594265088058682854e-03
-3.796065067558851360e-04
-3.789317382287485034e-03
-7.613558770426433892e-03
-1.172526378272176727e-02
-1.586781607091812540e-02
-1.977666923785963843e-02
-2.326115534237468974e-02
-2.622300954624592895e-02
-2.865606834211648773e-02
-3.058968614996919813e-02
-3.202871651937653358e-02
-3.290718875627256235e-02
-3.309873659776170485e-02
-3.249131316524862811e-02
-3.105836912646613504e-02
-2.890217791508115086e-02
-2.624510865291230718e-02
-2.335085801428203253e-02
-2.047461120084481667e-02
-1.782109579503718400e-02
-1.556443761352983152e-02
-1.379884114813847464e-02
-1.256038191250772977e-02
-1.182639611167438445e-02
-1.158304660789066798e-02
-1.185411813783206030e-02
-1.261899686131616287e-02
-1.375802639350340653e-02
-1.508978416183770141e-02
-1.644010593624944949e-02
-1.766683217101852263e-02
