1.000000000000000000e+00
9.989252014598790641e-01
9.957156546468379776e-01
9.904200754512181293e-01
9.831221637995337659e-01
9.739446129362059335e-01
9.630517367400801554e-01
9.506561269588591490e-01
9.370290473036217982e-01
9.225081431718402669e-01
9.075047124188539982e-01
8.924887136340697857e-01
8.779295960715787217e-01
8.642052363166314866e-01
8.514557054793959745e-01
8.394455420299189452e-01
8.275063283432740890e-01
8.145528655442781929e-01
7.992204981617249127e-01
7.800972203886756828e-01
7.559848127849626565e-01
7.261630710062667582e-01
6.905806476458959953e-01
6.499525475605827385e-01
6.056855140542317661e-01
5.596233228728183517e-01
5.136417828770050154e-01
4.691309550540370132e-01
4.265772930559958431e-01
3.854850343349653374e-01
3.445818713818984969e-01
3.022205921036729692e-01
2.568024767039737144e-01
2.071877577547047988e-01
1.528794039437174623e-01
9.410404713118472597e-02
3.167315497445953587e-02
-3.318971090327364065e-02
-9.899870194809114177e-02
-1.640595459332864214e-01
-2.265567339233990063e-01
-2.848105101472477307e-01
-3.375075900045254595e-01
-3.837574682879671961e-01
-4.231697803988157536e-01
-4.558722925876169674e-01
-4.824317691541702424e-01
-5.036804393332602325e-01
-5.204443724082699063e-01
-5.334286567648190980e-01
-5.432273743119471199e-01
-5.503708142184156049e-01
-5.551892021827269375e-01
-5.576965952706640639e-01
-5.577136311197200547e-01
-5.551171557278588020e-01
-5.499808523935375559e-01
-5.425212141651459818e-01
-5.330336640643760227e-01
-5.219934671970947182e-01
-5.101103474013555239e-01
-4.981078514347506148e-01
-4.862889523711815265e-01
-4.744534145482828813e-01
-4.622756187658402238e-01
-4.496758389177282766e-01
-4.367828348074762612e-01
-4.237187948366981649e-01
-4.106626010846334274e-01
-3.979247938228221981e-01
-3.859026557371625366e-01
-3.749729130154934587e-01
-3.652761077831134795e-01
-3.567183588896720159e-01
-3.490363392074411486e-01
-3.417777349789200558e-01
-3.343341757924900293e-01
-3.262133009367391145e-01
-3.173813519480624401e-01
-3.082698615988610502e-01
-2.994103261301258034e-01
-2.911154060834056367e-01
-2.834174969807391475e-01
-2.762830542614019280e-01
-2.696656827188402827e-01
-2.636456407178355832e-01
-2.584651941566546984e-01
-2.542324586683845644e-01
-2.506662391069008899e-01
-2.472494226945015361e-01
-2.434507413434361944e-01
-2.388712276245080479e-01
-2.334033657340384704e-01
-2.272746591381836490e-01
-2.209072628709755626e-01
-2.147173857302061284e-01
-2.089323440792992537e-01
-2.035585938575975307e-01
-1.984820462242539163e-01
-1.935844664450890873e-01
-1.887556993544916573e-01
-1.838528616785818637e-01
-1.787850370241287068e-01
-1.735772015889512632e-01
-1.682479484935126834e-01
-1.626207382112898614e-01
-1.564001120798872713e-01
-1.493173879004498772e-01
-1.412137058518964927e-01
-1.320404760098111974e-01
-1.218562922524614317e-01
-1.108914024605373028e-01
-9.949912784598426152e-02
-8.810828522881834768e-02
-7.707846710738640306e-02
-6.660064605050418363e-02
-5.676936770859050685e-02
-4.766651340228756500e-02
-3.946610948191027479e-02
-3.240959369130983619e-02
-2.673706611878031228e-02
-2.238891046999285511e-02
-1.891684749106723601e-02
-1.574522102761915371e-02
-1.240637436999351625e-02
-8.671657887641405840e-03
-4.685447369728957222e-03
-8.174634175810901928e-04
2.620559778235644934e-03
5.504614557476974861e-03
7.772883305298914150e-03
9.335151193186057295e-03
1.016086653786447795e-02
1.039218940478181356e-02
1.023675552298390981e-02
9.791080175134773619e-03
8.984360687858999189e-03
7.654386597567102574e-03
5.580913032107597677e-03
2.620973139874180780e-03
-1.205912505391184587e-03
-5.746490420314911279e-03
-1.068201536223013781e-02
-1.558387117983263750e-02
-2.009618380890115449e-02
-2.409926173184223988e-02
-2.767743457928541553e-02
-3.086853559272690478e-02
-3.358326117350723256e-02
-3.570696990327424519e-02
-3.724425932459457522e-02
-3.826903157603499250e-02
-3.882767006765511231e-02
-3.896094134349386423e-02
-3.871369787320581846e-02
-3.815829349342063359e-02
-3.735924796763496342e-02
-3.638861916501390931e-02
-3.538732978349573566e-02
-3.453455617183689291e-02
-3.401977253217494668e-02
-3.393696217728369574e-02
-3.405263725141722403e-02
-3.383692241505019405e-02
-3.270188394126927883e-02
-3.011099276016145770e-02
-2.568679800895765086e-02
-1.935621686322259657e-02
-1.142192701477280810e-02
-2.445532641941361440e-03
6.952264463726090180e-03
1.615682906762206869e-02
2.462394048006834660e-02
3.194935154119318138e-02
3.802970354400565800e-02
4.304051558587648763e-02
4.733900947308553736e-02
5.128014761309568348e-02
5.519077249059197582e-02
5.928014104101145959e-02
6.346009890436088430e-02
6.738197420260355619e-02
7.067604110394529182e-02
7.312918307110867489e-02
7.474284362018593364e-02
7.550294910830863959e-02
7.530853093439422719e-02
7.413440049428789147e-02
7.217726243450099666e-02
6.962077425545369624e-02
6.665376048609673865e-02
6.358185764516754990e-02
6.065585667795327790e-02
5.800118986109433633e-02
5.565750215683875485e-02
5.351257671714693132e-02
5.129046127391476140e-02
4.866554792639772586e-02
4.538733953890657785e-02
4.131499836094395389e-02
3.639318559535053427e-02
3.058067716768850947e-02
2.388024600269878991e-02
1.638973273245544759e-02
8.250152355230458076e-03
-3.794761396906931594e-04
-9.232045655071987461e-03
-1.789915053951681920e-02
-2.603097351274327384e-02
-3.351830424435917055e-02
-4.042388516724356590e-02
-4.680420727965626387e-02
-5.261533105920351838e-02
-5.770548691053323243e-02
-6.199077746124537214e-02
-6.551834379667417774e-02
-6.845591764268435520e-02
-7.098355218924173871e-02
-7.326175593090704374e-02
-7.554369168421744274e-02
-7.812234327299386050e-02
-8.132183308165963354e-02
-8.536871546479195272e-02
-9.039295042509716549e-02
-9.638037382003485087e-02
-1.031435658233428448e-01
-1.103315977838893042e-01
-1.174575370713605710e-01
-1.241035396814056530e-01
-1.300720261918426046e-01
-1.353611951259780510e-01
-1.400700732608101406e-01
-1.442741449347366978e-01
-1.481069201860160389e-01
-1.517366119293004079e-01
-1.552357353072431057e-01
-1.585053484879582752e-01
-1.613583146931335532e-01
-1.636297681288981232e-01
-1.651977034909705988e-01
-1.659761134324635734e-01
-1.658268301495378627e-01
-1.645051319029283976e-01
-1.618577374313034667e-01
-1.580582576450020038e-01
-1.536271420197941884e-01
-1.492553956001560767e-01
-1.455769430072565429e-01
-1.430200081973287130e-01
-1.417790282792516232e-01
-1.417667047628616006e-01
-1.425477388530347056e-01
-1.435235537691920693e-01
-1.440919388527734935e-01
-1.439026273741652595e-01
-1.428504203438315801e-01
-1.409202465697945161e-01
-1.380350819984408894e-01
-1.341320882990219288e-01
-1.291641543681249227e-01
-1.231229469407327387e-01
-1.160117280762607145e-01
-1.079104033915215394e-01
-9.900989400796952888e-02
-8.968666509547866539e-02
-8.034889805674254315e-02
-7.132019705317194092e-02
-6.297319403449169739e-02
-5.576917210998662278e-02
-4.996280546539967615e-02
-4.549639005924454443e-02
-4.213611341224396400e-02
-3.956754552765850280e-02
-3.736432487358018473e-02
-3.503930766676499609e-02
-3.215788615566465142e-02
-2.857074092794956166e-02
-2.447412375463703729e-02
-2.035507956123881051e-02
-1.675384183828206378e-02
-1.415563206344896269e-02
-1.289358890103467492e-02
-1.306327776549627041e-02
-1.441944902617513583e-02
-1.646091120689645304e-02
-1.870295058458725998e-02
-2.071510891923671049e-02
-2.213080714758647663e-02
-2.270155633931084799e-02
-2.229313554495846589e-02
-2.088410960177192535e-02
-1.851809749731501281e-02
-1.529409141107931393e-02
-1.134625569419622608e-02
-6.816793199444744385e-03
-1.842657085666101749e-03
3.428669251332719034e-03
8.895122309137406744e-03
1.438668101967696678e-02
1.968951350337862227e-02
2.458983240644713186e-02
2.886330261818780690e-02
3.230868885806370550e-02
3.471328685237017042e-02
3.598232945558470924e-02
3.616801092798035966e-02
3.548103727214393932e-02
3.416042256394060533e-02
3.239276012557785328e-02
3.035397318164965996e-02
2.824254976502985764e-02
2.624031354243855363e-02
2.451461751668910366e-02
2.314194146272585684e-02
2.195799147619615851e-02
2.061019235404663863e-02
1.878300913069112787e-02
1.630342218273206009e-02
1.336541257104615840e-02
1.035849723793369134e-02
7.688245452138535614e-03
5.727149334952896971e-03
4.794014791308638494e-03
4.998462475030671440e-03
6.256589736770899399e-03
8.322566620085427441e-03
1.082287207608978279e-02
1.341954143604175489e-02
1.583012581145073344e-02
1.792181973607550466e-02
1.970189149157085262e-02
2.128158672305261248e-02
2.288815382196201370e-02
2.477044248124427028e-02
2.712298523556063920e-02
3.011199834683774695e-02
3.380160328585095353e-02
3.810599807123406235e-02
4.270901713649918191e-02
4.724732392869004233e-02
5.149213284623431475e-02
5.538538667352360667e-02
5.895422074609897589e-02
6.222422390408132581e-02
6.501822581804811430e-02
6.702344250620594079e-02
6.791709337537132907e-02
6.776778389796077329e-02
6.701187312725809253e-02
6.606818194702557268e-02
6.520175363102313770e-02
6.452918145806955941e-02
6.396558999978511906e-02
6.340490211780350216e-02
6.295623503481566352e-02
6.288746995753172198e-02
6.336703599171940315e-02
6.428090659988099087e-02
6.520614033048581504e-02
6.565542209465090318e-02
6.527998288759118140e-02
6.404557682208170122e-02
6.211707206858625013e-02
5.976482096828833468e-02
5.717671856448796469e-02
5.444789893071338982e-02
5.153700069180931070e-02
4.838999314292355414e-02
4.502788239180647439e-02
4.159501926439554409e-02
3.829643785666372174e-02
3.519832531842813361e-02
3.225853840739657807e-02
2.938141788184120071e-02
2.649742538567992356e-02
2.365306540080726674e-02
2.107675313073092277e-02
1.908227312279307808e-02
1.804897314266347419e-02
1.831640797410931387e-02
1.991977851291092810e-02
2.265263532214545003e-02
2.615632862471352002e-02
3.013832870226467245e-02
3.444390247033382590e-02
3.896932114526619612e-02
4.369547199226703205e-02
4.860350503626226226e-02
5.367729795712831292e-02
5.893676237793320227e-02
6.448254832418451321e-02
7.038064994965552434e-02
7.669902676157143440e-02
8.342880488945665640e-02
9.040474386336228019e-02
9.738901907825202320e-02
1.040233895848572399e-01
1.098117249058743888e-01
1.143699104939881334e-01
1.174626679984261401e-01
1.190193746391854795e-01
1.189852520517053203e-01
1.173727041895930856e-01
1.144025223524963997e-01
1.104099979016803512e-01
1.056724042781271994e-01
1.003608417128303704e-01
9.444780039185900200e-02
8.798235072159719949e-02
8.118625518504644922e-02
7.430995310802357423e-02
6.761065985398756473e-02
6.138151531270429062e-02
5.595386079500103138e-02
5.165019697944465971e-02
4.867023312299482291e-02
4.706129552926816006e-02
4.677125997013119318e-02
4.769195766537000225e-02
4.963203895846327734e-02
5.226834867489186381e-02
5.520515319310985436e-02
5.803030581001105553e-02
6.038334896067884539e-02
6.207668785762981978e-02
6.309045547920734409e-02
6.348560290206332890e-02
6.339566986264279225e-02
6.304018360265638277e-02
6.277487727420472119e-02
6.299529069456662189e-02
6.384538454612187497e-02
6.535881148355934811e-02
6.764648666310656144e-02
7.053507270154922570e-02
7.354083922670798246e-02
7.620852189037891078e-02
7.824555593416279708e-02
7.943291586634176893e-02
7.967697066590669064e-02
7.905805737464667582e-02
7.783665104163757509e-02
7.640849880863465060e-02
7.499011765745154656e-02
7.335240498046331770e-02
7.106416388839273401e-02
6.782490913739026850e-02
6.372636803736073108e-02
5.910173346525915417e-02
5.435970995166428815e-02
4.979897380486246472e-02
4.567963775786378772e-02
4.218230084956847009e-02
3.924839375472968794e-02
3.664910894377484268e-02
3.404841574936409709e-02
3.109197557601704395e-02
2.768148966367570823e-02
2.414320530071267096e-02
2.099318772070685526e-02
1.865284538980114745e-02
1.743302517550472663e-02
1.751102688145686481e-02
1.881882666841419582e-02
2.096950470921130072e-02
2.339407986105100298e-02
2.551156904321075572e-02
2.694786985496325227e-02
2.750544745381907144e-02
2.717794083723596571e-02
2.615325449447472236e-02
2.484510816067401345e-02
2.367607037936022077e-02
2.285729157678968379e-02
2.239318902349358639e-02
2.226397549051345112e-02
2.235241369584346077e-02
2.246198852683773881e-02
2.220746315890470210e-02
2.118102262272598610e-02
1.927310039213206774e-02
1.684782287476347534e-02
1.440519549049806489e-02
1.245411206202454157e-02
1.147106442599584927e-02
1.181537586290976743e-02
1.366971492000557294e-02
1.698117882492131830e-02
2.142967173409873749e-02
2.661002741999332968e-02
3.219908099082494785e-02
3.791593456400384199e-02
4.339716827822345108e-02
4.817292123906341539e-02
5.170183435288974727e-02
5.348878424166134127e-02
5.321746847683493653e-02
5.080700413715673325e-02
4.639110507187261395e-02
4.035315077573946307e-02
3.333533193874092804e-02
2.601845307675885663e-02
1.908598206289260912e-02
1.304490441683605652e-02
8.283905220284942458e-03
4.941745892262061970e-03
3.010474831720315846e-03
2.489387688306303904e-03
3.313591791754666449e-03
5.244159606296077553e-03
7.922169950036963768e-03
1.083614711997509319e-02
1.351153026607048585e-02
1.545367248991078198e-02
1.634170796840001341e-02
1.614036409724950091e-02
1.509917509827636388e-02
1.366419800030999228e-02
1.240041161057701784e-02
1.168714305483850059e-02
1.160685182901424403e-02
1.217925029930395746e-02
1.348979678074660460e-02
1.551805395260994966e-02
1.782251146199654440e-02
1.980755414293150149e-02
2.102672435720528282e-02
2.134017247980564067e-02
2.073002584889436367e-02
1.921112750897619251e-02
1.687066002966329525e-02
1.392817450915309618e-02
1.077539611655434042e-02
7.857306492033059794e-03
5.754505057667154075e-03
4.969421045857042897e-03
5.755263421430003787e-03
8.015061143322399495e-03
1.142016276519969807e-02
1.554198637836596598e-02
2.004739283616981463e-02
2.468502575971215363e-02
2.926508662007782854e-02
3.370012194476850603e-02
3.786793943722571026e-02
4.167468724269012686e-02
4.513670447481051007e-02
4.841379728830797619e-02
5.159211429945996519e-02
5.462450276576729519e-02
5.742611019827016661e-02
6.001533066166087060e-02
6.252404441756066744e-02
6.511247415690561702e-02
6.778432252931511359e-02
7.032955058458735531e-02
7.244976404182172647e-02
7.402025201826448186e-02
7.502091721043738226e-02
7.550046440717503304e-02
7.542934166114353967e-02
7.469612172666298400e-02
7.326367640734685049e-02
7.118563696540385066e-02
6.860651854002267069e-02
6.580368717041326643e-02
6.297718606696130206e-02
6.009161233102812416e-02
5.698899748784450742e-02
5.361236919234284998e-02
5.004944673006542916e-02
4.647958757046525419e-02
4.308576523474606096e-02
4.007261262395474949e-02
3.740004775137316384e-02
3.479601154038319127e-02
3.190748798024161531e-02
2.856618213595914571e-02
2.475539196136838233e-02
2.059774459611056832e-02
1.623128710389626014e-02
1.179114689825270720e-02
7.443616942923641198e-03
3.308398635299774314e-03
-4.475140529182875210e-04
-3.658413683435730868e-03
-6.109910937404947583e-03
-7.631501310109953945e-03
-8.147223534502003733e-03
-7.785379874665361230e-03
-6.876797311431218085e-03
-5.731735092353735725e-03
-4.551560943334873391e-03
-3.459774434506992548e-03
-2.541972719317637987e-03
-1.912954488358456018e-03
-1.719758467298548865e-03
-2.032060941669047022e-03
-2.747659020239363523e-03
-3.581385293936629674e-03
-4.322623197468891329e-03
-4.810640273882147572e-03
-4.984028706716443768e-03
-4.615496359982826716e-03
-3.354849182270309982e-03
-8.277521832442946963e-04
3.223145085796432635e-03
8.893599260584847399e-03
1.608984775203974038e-02
2.456642040823495826e-02
3.390030025568537692e-02
4.352950948370111484e-02
5.288724797308042014e-02
6.148683229297813302e-02
6.905737218433907754e-02
7.548026226986521980e-02
8.085600508849329071e-02
8.525896216655109994e-02
8.876124763167311804e-02
9.137808304605428422e-02
9.321785147849522002e-02
9.458720154065115848e-02
9.573819214238678266e-02
9.656422041221240926e-02
9.675195722216602123e-02
9.598125328317028138e-02
9.414488204776573499e-02
9.154287060451668512e-02
8.863107155442905005e-02
8.583630521161897398e-02
8.342242119074193274e-02
8.147290239899014630e-02
7.994760410146801999e-02
7.882753492346573909e-02
7.820568994757272352e-02
7.829639179789825432e-02
7.932530499900293519e-02
8.147226558387331286e-02
8.493276408335365124e-02
8.971866813364429150e-02
9.568387327430982747e-02
1.024373476387161475e-01
1.094070840204367928e-01
1.159478361082948161e-01
1.214819855631643908e-01
1.256336888885332403e-01
1.283797248995444118e-01
1.297402838087060861e-01
1.296673526039391067e-01
1.281215188024895091e-01
1.251137013247608509e-01
1.208183362758175339e-01
1.156935148529243396e-01
1.104340721775066564e-01
1.057411749180937610e-01
1.019516021634509495e-01
9.904418257347108456e-02
9.687305194541208364e-02
9.525511081876565644e-02
9.405670855499875804e-02
9.321248664709010090e-02
9.264219113476211687e-02
9.231527177738424461e-02
9.207854101943638292e-02
9.160526255107456772e-02
9.065379038871831940e-02
8.910192320630060114e-02
8.693463880568141899e-02
8.418918967027598510e-02
8.096181028267260271e-02
7.730665346078463562e-02
7.323470012058053147e-02
6.883460537886909592e-02
6.427696863799596538e-02
5.980043761583157813e-02
5.537379716293538284e-02
5.074297771039558425e-02
4.565810762375158843e-02
4.007555469450343327e-02
3.419615930715236979e-02
2.829337611505881867e-02
2.268305241974924447e-02
1.760168671979478114e-02
1.317798565507090347e-02
9.346177229559691352e-03
5.813844939991328134e-03
2.062516508683078648e-03
-2.363041768753093488e-03
-7.541724443509494405e-03
-1.324079644543856710e-02
-1.911156979479777460e-02
-2.490235644200778156e-02
-3.034344136001352471e-02
-3.518332360065242609e-02
-3.917454328828481880e-02
-4.212097448590398918e-02
-4.392640008362020537e-02
-4.444938235575856406e-02
-4.359513174358898430e-02
-4.136263154307618511e-02
-3.790956431291752499e-02
-3.342160745367523528e-02
-2.808625688626725098e-02
-2.209446953484279011e-02
-1.568926123656269947e-02
-9.078730846758538420e-03
-2.415842351245132014e-03
4.125179405148568859e-03
1.041149982771782945e-02
1.635319185488836799e-02
2.191329367689644550e-02
2.697275474045385604e-02
3.146592421977421200e-02
3.544044589041493720e-02
3.903308590532043182e-02
4.239267619604013271e-02
4.577817323713603143e-02
4.943272364682917142e-02
5.334986930186807336e-02
5.713840670335326027e-02
6.015664104824720859e-02
6.180569596573987079e-02
6.178070765354576332e-02
6.013309275057047293e-02
5.712821800172656478e-02
5.316825405750897487e-02
4.864293296788796406e-02
4.411170813013731012e-02
4.015533212238103083e-02
3.713327065705296359e-02
3.495405060977229555e-02
3.311485165896291966e-02
3.111517495037745967e-02
2.870040705540696443e-02
2.592036459443175511e-02
2.302732494695580029e-02
2.023054319393606526e-02
1.771288010031174184e-02
1.561968590798040561e-02
1.390114822056590961e-02
1.220964184176558456e-02
1.012042663556814506e-02
7.319726564342228688e-03
3.633033866982775424e-03
-8.541968210296202587e-04
-5.958263395884469404e-03
-1.155044063832484473e-02
-1.738245054744582199e-02
-2.312076566779308270e-02
-2.848405793471304667e-02
-3.327018295584985991e-02
-3.731578927775248966e-02
-4.050636955978811904e-02
-4.274919666712991007e-02
-4.399185521571924440e-02
-4.422648683054081209e-02
-4.342052725929100576e-02
-4.158453887437473656e-02
-3.878676507391028150e-02
-3.513649964113171875e-02
-3.076397991787002337e-02
-2.581653998868501526e-02
-2.047895716348363190e-02
-1.503158217236354698e-02
-9.836768115270047921e-03
-5.128571803033210412e-03
-9.862889814496790010e-04
2.573923872906638127e-03
5.532649963733922253e-03
7.814885963821681034e-03
9.291895972662026978e-03
9.983368773996961418e-03
9.934051461971861105e-03
9.183333289621998380e-03
7.741339156250318099e-03
5.531847690128582212e-03
2.467122271597634985e-03
-1.542638913030927161e-03
-6.514867350286730752e-03
-1.228031437920014228e-02
-1.839706253392621102e-02
-2.445157032175496181e-02
-3.002306634843732169e-02
-3.487169484709415346e-02
-3.869070460484601293e-02
-4.138536221017682926e-02
-4.309277419184472796e-02
-4.409803026397433878e-02
-4.476063255209090930e-02
-4.544904630792940409e-02
-4.654165341948321433e-02
-4.805752311810729954e-02
-4.964601455823899889e-02
-5.080624413340714685e-02
-5.123417532972533717e-02
-5.079733917403229937e-02
-4.954973654918360532e-02
-4.752898726497250398e-02
-4.459547804724365433e-02
-4.064678448512514669e-02
-3.579537353789991050e-02
-3.054900615239822606e-02
-2.564867437813348611e-02
-2.159047538700724703e-02
-1.848051924510577676e-02
-1.623220298027889738e-02
-1.476619130521233600e-02
-1.410185086621062317e-02
-1.415804201007428952e-02
-1.485735221485041252e-02
-1.599044382821495150e-02
-1.724779596850568864e-02
-1.837660501208033051e-02
-1.914436112225421580e-02
-1.942253856233656581e-02
-1.905766671159061718e-02
-1.788104718337911112e-02
-1.566709889374588022e-02
-1.214101928201901520e-02
-7.186409205304816056e-03
-9.422099711383103435e-04
6.282856880354886070e-03
1.426282652130990425e-02
2.287175007086270778e-02
3.197775259226329214e-02
4.133981595334112330e-02
5.057248989646725978e-02
5.924032777004469008e-02
6.692909993235862665e-02
7.325929705985723128e-02
7.796190936401019289e-02
8.088125196320715415e-02
8.196656889820479186e-02
8.129584756699617665e-02
7.887519411728069474e-02
7.474928796561816635e-02
6.905602345829377209e-02
6.214289934359430029e-02
5.438049660328841267e-02
4.617471457607493640e-02
3.783745931688000524e-02
2.956502775941588848e-02
2.141137382133743994e-02
1.346641476501105918e-02
5.759007687054067300e-03
-1.618005964616524512e-03
-8.495519734922844790e-03
-1.471732406795517485e-02
-2.014867434362100848e-02
-2.473554557897840803e-02
-2.839013555603674827e-02
-3.101115423570035071e-02
-3.258528982808367447e-02
-3.319645306472453206e-02
-3.291424153001108743e-02
-3.198165898982381627e-02
-3.062304931563540264e-02
-2.904937790189194430e-02
-2.756841160035865268e-02
-2.653172407924993606e-02
-2.613769714196559693e-02
-2.616706689295552474e-02
-2.623490786319931933e-02
-2.617047245345584597e-02
-2.599599491465242468e-02
-2.584967123840818323e-02
-2.592084691559625592e-02
-2.640325737105186574e-02
-2.747296598909284432e-02
-2.918062077318111375e-02
-3.158498115391291522e-02
-3.467080249352661597e-02
-3.826889419274986243e-02
-4.205856171206681648e-02
-4.560977112606975914e-02
-4.840314802663954474e-02
-5.002380607416070935e-02
-5.031984975360295070e-02
-4.947702164172721601e-02
-4.795407953271672158e-02
-4.626247193763999982e-02
-4.472301397314736721e-02
-4.345124107566086108e-02
-4.246116372728601929e-02
-4.175720384053006190e-02
-4.139418724110695280e-02
-4.125968919639525639e-02
-4.116330142229758515e-02
-4.095865930283820039e-02
-4.050459434591961033e-02
-3.976310371563838292e-02
-3.882042176921422089e-02
-3.778479887212393695e-02
-3.670284530880806029e-02
-3.558314951635209444e-02
-3.450071971856481096e-02
-3.351317184672462923e-02
-3.261041302409646570e-02
-3.179853850536305121e-02
-3.115618018864774186e-02
-3.070520230644942922e-02
-3.035935475942961800e-02
-2.995775532152221074e-02
-2.938377697988431639e-02
-2.859452604486009686e-02
-2.751640300686760895e-02
-2.607685511659445232e-02
-2.417132028889156653e-02
-2.163170834673350945e-02
-1.832214762472358233e-02
-1.425909972207365685e-02
-9.554662431755699126e-03
-4.480607910752059005e-03
5.546414206971017526e-04
5.067758977155838347e-03
8.779219083071380936e-03
1.160769077627806650e-02
1.366026427814987128e-02
1.510217579908017076e-02
1.617959798910316438e-02
1.730754543207981000e-02
1.890634154304915784e-02
2.129971081583173498e-02
2.453692594704160942e-02
2.840848392617734142e-02
3.258081351319069840e-02
3.660464353606092403e-02
4.012001574210378313e-02
4.300027846907046591e-02
4.532483057250548397e-02
4.719072365885733367e-02
4.849398195473138273e-02
4.893504564615118457e-02
4.819767487222055558e-02
4.613103009536386606e-02
4.271751582373811695e-02
3.810373145242611920e-02
3.246696230063508132e-02
2.606630569722604221e-02
1.910636617349352820e-02
1.173667376967485292e-02
3.965387749631150462e-03
-4.268184239846420022e-03
-1.291783875892415709e-02
-2.180333366335069148e-02
-3.061265681352194970e-02
-3.907805608843012424e-02
-4.688151183735776717e-02
-5.372049284468409514e-02
-5.952946612565448298e-02
-6.437130101790627945e-02
-6.848006330313048673e-02
-7.209444212449496459e-02
-7.534544785899631447e-02
-7.824395754789120749e-02
-8.065550266899099152e-02
-8.236494994435554495e-02
-8.323063493592851303e-02
-8.324030107210980689e-02
-8.250200689094815132e-02
-8.114058820683245354e-02
-7.893689939420141244e-02
-7.558902056528996050e-02
-7.100008908588435752e-02
-6.530666697710529878e-02
-5.893956690615072269e-02
-5.238577203047512648e-02
-4.612708354292439222e-02
-4.047862042857098414e-02
-3.557386599138238209e-02
-3.132217919566917391e-02
-2.750093079281041783e-02
-2.380004962239357091e-02
-2.007768577451280942e-02
-1.645639427096905194e-02
-1.336019223678440102e-02
-1.135460273109001328e-02
-1.093072360684314848e-02
-1.246097143640874545e-02
-1.599031269246469975e-02
-2.119862285438489299e-02
-2.749516396865192211e-02
-3.428615390518783418e-02
-4.099505922815910308e-02
-4.715825116953634155e-02
-5.231779544662712444e-02
-5.632882362496316464e-02
-5.927482118200762262e-02
-6.148615022613537068e-02
-6.328345514460634313e-02
-6.477421457121476656e-02
-6.588063835493411513e-02
-6.664052944867764061e-02
-6.734221273982803069e-02
-6.828353564058572966e-02
-6.979295091932007089e-02
-7.208193064688800389e-02
-7.531608331658000421e-02
-7.955077763647221134e-02
-8.468203148406050484e-02
-9.032514763004385883e-02
