1 -2.840230759847059416e-01 -1.154228902732653772e+00 -4.667919631027070415e-02
2 2.550457687670881768e-01 -5.711886967969660445e-01 -1.897690816071964937e-01
3 -4.122121368630001642e-02 -5.195595939980822697e-01 -3.548163149805306782e-01
4 -4.785064179136865326e-01 -1.418690464308125510e-01 -3.143661369403421002e-01
5 5.708966963470503420e-02 4.100173040544768388e-01 -4.487825334334550331e-01
6 8.332522506874446844e-01 -1.668122357168168257e+00 -8.823468940807357441e-01
7 8.283603789203476675e-02 -3.532891644653843310e-01 4.318529162025628310e-01
8 -6.769439851132020847e-01 -1.252411234787729200e-01 -2.345055520600596299e-01
9 -1.766983992813245252e-01 4.395231273170917552e-01 -5.662089244365912100e-01
10 1.530603212839686034e+00 -2.782816528670502554e-01 -7.949622320009556153e-01
11 -6.413807480603150868e-01 6.705492339519595335e-01 4.304264713298237011e-01
12 -8.128072568413953203e-01 -4.639951808177783521e-01 1.538498170217137417e-01
13 -1.570670962554017169e-01 -4.729996736531234813e-02 -8.134278901267106843e-01
14 -5.837817380566532321e-01 7.412435524683789190e-01 -2.966673148416471562e-01
15 1.674638623462456177e+00 5.572604009864533525e-01 -1.064913713226771086e-01
16 6.659143411057627526e-01 9.540647472188553205e-03 -3.199515398753561835e-01
17 3.032407709697558795e-01 1.012954750407898841e+00 4.063502498000787222e-01
18 4.187158775473939221e-01 8.573787233068119740e-01 5.063014181882570242e-01
19 -7.254598673679691911e-01 -9.783666381636183518e-01 -4.696564179866556388e-01
20 2.791105613784539141e-01 4.326260134033187987e-01 -1.039698324177390498e+00
21 1.198602370588720989e+00 -5.957045106821904357e-01 8.032973467408138779e-01
22 3.165731678906021918e-01 2.843294987532604678e-01 5.056446682606281495e-01
23 -1.394446672057205072e+00 -5.598216477208015629e-01 -7.959302862924583222e-02
24 -6.298880529134605055e-01 -4.255757005221417755e-01 7.559773841868048239e-01
25 4.488216804541266675e-02 1.620685882580104875e-01 3.156099018551555280e-01
26 8.734168675243635105e-02 -2.012678720778403318e-01 2.385219505116082939e-01
27 -8.957042923494132891e-01 1.362144437074780667e-01 1.250312821200423863e-01
28 2.717163520006373734e-01 -1.369099883695151565e+00 1.123956522984440154e+00
29 4.946699417033603163e-01 -6.878125771051727400e-01 1.004862726288482833e+00
30 1.653058950223464496e+00 -1.617932549491157557e-01 -7.567590212792401072e-01
31 2.232710462226209641e-02 -1.231199166491941499e+00 4.740551291506988063e-01
32 -9.655120125630732575e-02 1.937927501465768643e+00 -8.926717359388481876e-01
33 2.985176247389500492e-01 1.268026678058190804e+00 2.708259461751851838e-01
34 -1.855004512203094758e-01 4.181637784566614724e-01 -3.814571219981073846e-01
35 5.083460907340215940e-01 -9.965698298965153246e-01 -4.156655776269572722e-01
36 -2.043260357568650598e-01 -1.580506979090425368e+00 1.079971915849625708e+00
37 1.239898707427023877e-01 8.905430774630149759e-01 -9.655986081788887621e-01
38 -3.266008293922690875e-01 1.749681700573486876e-01 6.645747942784978601e-01
39 -3.906478444897879543e-01 1.272251149819030591e-01 7.318901734065864639e-01
40 -1.704976685957503291e-01 -2.892003517598945583e-01 5.528421944504157137e-01
41 -3.683793529060404581e-01 -1.920221206305232076e-01 -3.529876384351946506e-01
42 -3.574685256225478835e-01 -1.900816357500393072e-01 -1.264710194530944687e+00
43 -2.012903142794819633e-01 -9.601474084735209802e-01 -4.353324510374389500e-01
44 6.673076617096802554e-01 2.839891863688456253e-01 -1.047170445602343847e+00
45 -1.204837989729375280e+00 -1.445051580403031943e+00 3.107324615121862532e-01
46 6.496547141199237041e-01 -3.982284592602448603e-01 1.301025428353200508e-01
47 -8.179988820110910552e-01 -7.166748340942324935e-01 -4.620654908660276616e-02
48 8.804766645527212221e-01 -7.695042108531916503e-01 -5.332548475767182050e-02
49 -1.097271005256844401e+00 -8.865897275621931195e-01 5.194622152784474922e-01
50 -1.825154064236007123e+00 -5.562711943439789808e-01 6.445908185192856799e-01
51 1.016226439142684512e+00 -6.133523379749187265e-01 -2.654091011966422387e-01
52 -5.315016889272248246e-01 -7.072414240628981386e-01 -7.369603590679033589e-01
53 -8.148248175128821602e-01 -6.748569157432406929e-01 2.405691052751064707e-01
54 2.847742084408936836e-01 -8.298939364565166565e-01 4.055526292480571282e-01
55 1.219840180866640145e+00 -5.123146710130285220e-01 5.023217652110758547e-01
56 -7.756701427914555746e-02 1.057800227787567993e+00 -3.644801690233454017e-01
57 -5.194444793664452220e-01 7.460062062338246314e-01 -1.045587993040233282e-02
58 -1.141927646906562677e+00 1.370472613974791143e+00 -5.637716652539460638e-01
59 -6.045521939428923908e-01 -7.469677094652936722e-01 -1.015139938381365514e+00
60 2.441516533600872896e-01 6.267259232330202323e-01 5.311857973735969463e-01
61 -1.651966768630596105e+00 1.381652533378352921e+00 4.100925570963725453e-01
62 -2.481074962551010621e-01 -1.214070622774839459e+00 3.958377498597999700e-01
63 8.769586354292551178e-01 -5.213097754416723406e-01 -1.275117334216621101e+00
64 7.868034379982095927e-02 -1.383878687350624526e-01 5.939192406082820508e-01
65 9.555834274568067443e-02 2.283811233882946379e-01 8.608693649107038715e-01
66 -1.716846794489064465e-01 -1.232146127383185519e+00 -1.078617504923161559e-02
67 -3.514824542554000758e-02 1.379947996349033312e+00 -5.892359988705336837e-01
68 -1.298303684081334008e+00 8.063155140620241745e-01 -1.430242985815426415e-01
69 3.020128775227453599e-01 7.161680804007379830e-01 1.800272763968959744e+00
70 4.738145121988275865e-01 6.665310972231406339e-01 7.756364153167726316e-01
71 4.641643971202626395e-01 1.669543141571392830e+00 3.533325747705783337e-01
72 -5.974828352058899616e-01 -3.648006552563909377e-01 3.201030808123643268e-01
73 -7.941004329167047349e-01 -1.978421956609293930e-01 8.106111288758048872e-01
74 -3.304797871051528002e-01 3.880880037911678127e-01 -3.690734210474772570e-01
75 4.203907568477109891e-01 1.513653717324687717e-02 -1.178803777498238059e+00
76 4.885701781380837327e-01 -2.249626882154459606e-01 -6.287892988506752490e-01
77 1.388722323913555920e-02 1.137746323009980909e+00 5.527067264767430155e-01
78 1.262204576979308046e-01 8.473231691933718057e-01 -1.822567387113504245e-01
79 1.003338626953109020e-01 -8.084500326810164506e-01 -4.235012278530122520e-01
80 1.927393408470036429e-01 5.040645781410797444e-01 3.232350244594765082e-02
81 8.062977090083117693e-02 -1.746853031793085265e+00 5.990206977853537174e-01
82 8.633937302826091842e-02 -3.499994754345528425e-01 -3.995476923182681994e-01
83 1.128043077672836875e-01 1.972911192422710236e-01 -9.924522506596585858e-01
84 -1.847953891813486904e-01 1.428112481401009604e-01 -4.364216366899406618e-01
85 -1.619523631182899145e-02 2.414439993259811373e-02 -4.818946957356241012e-01
86 6.675494796856150381e-02 -4.050362219591159829e-01 -2.412843813228232048e-01
87 -3.298324470277912979e-01 -8.184015368459928164e-01 6.739356685164371585e-01
88 1.272519334453054429e-01 3.004330271366021515e-02 5.544933893531019120e-02
89 -1.244141034540900137e-01 -2.587894761050936188e-01 -7.410436543575384949e-01
90 -6.380152532496407014e-01 -2.611760279904467019e-01 -5.040302045315048218e-01
91 2.234629622060702037e-01 2.655978991471951711e-01 -7.805724427654944231e-01
92 -1.189776739129777328e+00 -3.674066023913359902e-01 2.313155816998193615e-01
93 -5.990123982058400687e-01 -4.897431560959727981e-02 -1.236911468432840278e-01
94 4.496484199541951332e-01 -1.452176924293083760e-01 -5.151081338803552567e-01
95 -1.559404279084126155e-01 -4.064178696317326533e-01 4.350729931073138435e-01
96 -8.120080501238216009e-01 -6.900022082327234019e-01 -2.915080581627330081e-01
97 -1.095222344584731333e+00 8.133329321723651306e-01 8.792791349919890642e-01
98 1.643045551982518226e-01 2.411360899703449689e-01 -1.014791008664395644e+00
99 1.416192995235405205e-01 1.866032606482739831e-01 1.389008641659166710e+00
100 -7.204586711674595412e-01 -3.956562201991492000e-01 4.549799540538286835e-01
101 -1.250082265130608439e-01 6.984336001650698345e-02 -1.961107413845731562e-01
102 3.695319451184796433e-01 -6.717027347615428523e-01 5.694529954065149502e-01
103 7.301212458671407779e-01 7.611016426009377112e-01 -4.375784791174347488e-01
104 1.857929629279119199e-01 -5.715010074797043371e-01 -1.892037457638158157e-02
105 -8.185913030295488557e-02 5.869753586816276458e-01 4.737171442695603529e-02
106 -2.869503787335145675e-02 -6.832329720060523748e-01 -5.561912211146788874e-03
107 -2.118099142155691617e-01 -3.476858596839022542e-01 1.154291022968681052e-01
108 2.224878450703783039e-01 8.065125085905345825e-01 4.117046747290361436e-02
109 -1.406677078602275310e-01 -3.983467233239533778e-01 -4.432861753692978746e-01
110 2.928514565744065323e-01 5.970025724646408349e-01 -1.036691520246433296e-01
111 -8.979219003191039883e-02 1.810763575135398290e-02 -3.245299452467810264e-01
112 -1.590739064827954574e-01 7.857138352480179666e-01 8.690418957445168457e-01
113 -7.310797376940755266e-01 1.262929863697983324e+00 9.730092126088706328e-01
114 -5.257648363836472383e-01 2.178848690683204137e-01 3.379572139822028531e-01
115 -7.312113977816089294e-01 -3.143719562709171855e-01 3.543417622583475146e-01
116 -3.581085266920324695e-01 5.491592165418588412e-01 3.343319682887119781e-01
117 -2.477122926449614182e-01 9.402743389799669282e-01 -1.245219972449020940e+00
118 -1.484686258559484995e-01 2.535251008401848694e-01 -5.110648795080114937e-01
119 -8.457059537341105049e-02 -3.317274266434899754e-01 -2.756291559736780972e-01
120 -2.981161766342529384e-01 -1.439859983281223776e+00 3.820257404707560478e-01
121 8.337696251310109385e-01 2.407221003956084016e-01 5.727968173450008749e-01
122 5.026856241323146568e-01 5.108725447725819269e-01 6.256323971698689590e-01
123 7.059640727268770011e-01 8.610149652421593691e-01 -3.366722977226998537e-01
124 3.018801280129077558e-01 7.039508150952208387e-01 -2.951509110424003768e-01
125 -3.787679478385064802e-01 1.302753587642391242e-01 3.282685400042612556e-01
126 -2.431672393215774386e-01 1.101160008793804934e+00 6.606755806566875222e-01
127 -4.662800085010717077e-01 -3.822395201579175117e-01 -3.725799073296059971e-01
128 5.092355354978655990e-01 -4.294349751001517307e-02 5.135273664486714740e-01
129 -5.842080801959661368e-02 -7.175696230292006872e-01 -8.043693926961922314e-01
130 -4.734413380989431763e-01 7.421349174325309050e-01 -1.680661428730922391e-01
131 2.508697491852618713e-02 1.274541377620000082e+00 1.441002394294056410e+00
132 -9.262932414588235241e-01 -6.305409187225837764e-01 -6.674445575600923553e-02
133 1.083022908395077505e-01 7.499887966049613164e-01 6.189831725911131288e-01
134 -1.362688684962201635e-01 -3.290397472231830767e-01 -4.457395185869291732e-01
135 5.720545488558113068e-01 -3.854723666444386798e-01 7.797327058725341820e-01
136 -4.458367638841517211e-01 -5.907571646249243358e-01 -9.400292206008105111e-01
137 -1.468879718461286732e+00 4.405556690710467349e-02 7.396689464743541054e-01
138 -1.034321867482840052e+00 -4.266245541465261276e-02 -7.388808270477719153e-01
139 -9.146460034338135259e-01 -3.829941424047171306e-01 -1.001889210305454414e-01
140 -5.933985277978970352e-01 1.707026552700616207e-01 1.928991829901741673e-01
141 -6.671082948352695385e-02 6.405265670350626106e-01 7.149466689788688267e-01
142 3.595114097248467422e-01 -4.498048379244624084e-01 2.503051071097557312e-01
143 8.528422519651137623e-01 -9.284704324292165634e-01 -7.093333357698337893e-02
144 1.478334169227008221e+00 6.645311303402845482e-01 -7.309174168538112859e-01
145 -9.094349303155562225e-01 -5.763039037706690904e-01 8.919143224919779955e-01
146 1.653508814234136981e+00 1.387303761741753849e-01 -8.650740315054255003e-01
147 1.882557400498383049e-01 1.226628535965594152e-01 4.886432878447845574e-01
148 -6.099339214930180608e-01 2.312292804073509400e-01 6.459260664103834149e-01
149 -6.071544556867969344e-01 7.219643520379264157e-01 -3.090778696306262230e-01
150 -2.031262890622398953e-01 -1.208510320898258383e+00 -7.548629775314763535e-02
151 -6.465518400196986759e-01 7.979798355325727621e-02 -4.852050227570593455e-01
152 5.617828077161273193e-01 -4.899078970414952328e-01 -2.514779469919173893e-01
153 9.665841257948485366e-01 -8.267868164389466923e-01 -5.665925055821330325e-01
154 6.823873877514538000e-01 -9.424979325727579349e-01 1.286035896093690456e-01
155 8.873598210675414100e-01 -8.649702037394882970e-01 -6.540453870764516564e-01
156 4.935665544379507774e-01 2.012079885954383973e-01 5.572445960728660691e-02
157 -1.222708959483478353e+00 -5.848506672642546089e-01 -8.013210551649325719e-01
158 3.911554403657198642e-01 -2.357138351539447008e-01 -1.256702492713127173e+00
159 -1.924092512714569436e-01 -3.814352378760723639e-01 -4.790274847484766174e-01
160 4.995313721342667934e-01 4.147787615786832083e-01 2.579466118435687627e-01
161 -3.340935039919594174e-01 -1.659975047208032572e+00 6.905692366985548558e-01
162 8.916132307227747633e-01 8.284989302892720175e-01 2.594931133342775476e-01
163 4.221877976548428779e-01 -1.124722777559268305e+00 -7.437468096398575090e-01
164 -2.660558696328620965e-01 5.733800419512556923e-01 -5.838819622915885077e-01
165 -2.256397621918286300e-01 3.048341608363301369e-01 7.503231250915621819e-01
166 -7.088271946321313965e-01 1.150918815178938182e-01 -9.855526114412832550e-02
167 -5.757691543887847319e-01 6.726088003675112503e-01 -1.118319983349266300e+00
168 5.431506150263972765e-01 -3.168042567852191183e-01 9.700396238791714199e-02
169 4.665483974178931681e-01 9.146533417660137472e-03 -8.468715642977175939e-01
170 8.719820008392709099e-01 -3.880284102158635950e-01 -1.071453788755925896e+00
171 4.860651101605824587e-01 7.132332558061869054e-01 -1.561386313097971879e-01
172 4.995284071241893331e-01 -6.819565248391171730e-01 5.565376404455463222e-01
173 3.700301015320266451e-01 -1.159672940462342039e+00 -1.132254051970942532e+00
174 -2.795643260719532508e-01 -3.261292434188060030e-01 5.426168001136121299e-01
175 6.180211768641612480e-01 1.008094984416358503e-02 9.981271523297187143e-01
176 6.177325970517896087e-03 -2.758949912680185301e-01 8.488115741416532023e-01
177 -1.370053520787037904e-01 -4.520569963743046316e-01 1.798021901950748458e-02
178 2.934160414309757714e-01 -1.354424319361235973e-02 9.656631980551025896e-01
179 4.257005357352309782e-01 9.857527633811966061e-02 1.040565119661769344e+00
180 -3.259690062497988539e-01 8.898891721639518027e-01 2.824136333496917728e-01
181 -2.403887580504219801e-01 1.472402923295687560e-01 1.399431056532626672e+00
182 -6.219607458574093473e-01 1.115018271444729203e+00 -1.736689322397873825e-01
183 -7.307640123083966044e-01 2.775409413515305124e-01 6.473427989284791240e-02
184 9.957473947862352515e-02 2.088239557501724020e-01 -5.803332135007536197e-01
185 6.964143357124757960e-02 1.434258280956218490e-01 2.702285039529810917e-01
186 2.818587808568251418e-01 3.939570210860929289e-01 2.960189184493725589e-01
187 -2.999678270158771531e-01 -6.475665175554258246e-01 -1.456012664750201691e-01
188 -2.715190201169201401e-01 -1.637371169343799782e-01 -6.304500171647610118e-01
189 -5.508831374988355095e-02 -6.134767164973222719e-01 -3.283985604508453671e-01
190 -7.037730500528734945e-01 2.401711242135325386e-01 2.251872612221195169e-01
191 -2.983933979769501921e-01 -1.132335016488853041e+00 -2.432262282800999209e+00
192 1.189431918335386307e-01 1.138753235260697716e+00 -3.947432094727675866e-01
193 1.566628429815570822e+00 3.641734051686733586e-01 3.684712042367240814e-01
194 -1.445492291838099019e+00 -3.903143277622694862e-01 -5.375806699384557685e-01
195 -6.743298250763521962e-01 -1.776425676058019376e-01 7.482878355801472203e-01
196 1.096868989984199766e-01 -2.626092929609397664e-01 -3.390637532742186711e-01
197 6.355979527774218152e-01 -2.411229670264773417e-01 -4.948877065186170765e-01
198 -3.966296272943293233e-01 9.709937273754782883e-01 7.718262341468333787e-01
199 -2.400123856674815648e-01 -5.588629309757409125e-01 -1.769793240805911938e-01
200 -5.464169912289575104e-02 -1.247890956878519697e+00 2.434844859822470620e-01
201 -5.493411617379464484e-01 5.388962797166041430e-02 -8.649600213817221217e-02
202 -3.696266390274378644e-01 6.371885639124987843e-01 -2.174191371883303359e-01
203 2.092087824297932941e-01 -2.377034036511702086e-01 -3.991396102889951947e-01
204 -5.675244553214311427e-01 4.439961931604432532e-01 7.552189512316320741e-01
205 1.301346531994976852e+00 -9.332283164040104662e-02 -7.760761398136947209e-01
206 -1.150162272783349371e-01 3.588550443704101034e-01 2.183514140638776191e-01
207 -8.323922797532347095e-01 -2.157204515328161321e-01 5.678485729057975995e-01
208 -7.092480765606556936e-01 -4.572467149772965200e-01 -7.478087001836722925e-01
209 -5.456478511472746540e-01 -5.902752782304920842e-01 -2.443388378363508043e-02
210 5.323518142149923360e-01 -1.042963563833350232e-01 4.711306010885220052e-01
211 -4.182233315303323651e-01 1.066030700625454797e+00 8.383228910913860521e-02
212 6.907234107111663857e-01 -5.550512039699068145e-01 -1.209947807991387930e-01
213 -5.463881472336986622e-01 5.250599323834294341e-02 -9.838682679948131948e-01
214 -3.502489700117435989e-01 1.366676838156797025e-01 -6.353015781214019775e-01
215 1.867148166542889065e+00 -1.004567410663402161e+00 5.740295323321605858e-01
216 7.006580141695281094e-01 -7.015317304793173836e-01 8.402129559082074373e-01
217 2.228254069732999720e-01 6.187457224896093511e-01 1.326337878834453754e-01
218 -7.057044419473950114e-01 3.058782597467771813e-01 2.476097101274421508e-01
219 8.019863447250034222e-03 -1.163257835669128104e-01 1.396127943557053663e-01
220 5.254917029659407213e-01 -1.904586177246646028e-01 -6.168523122436209150e-01
221 2.392932920263969865e-01 4.972735784856552876e-01 3.627284316051234692e-01
222 3.255067748355477408e-01 2.489990022221041654e-01 -3.969743668811868131e-01
223 1.614650032962026804e+00 7.525971535868876128e-01 -1.087395808649211704e+00
224 8.416478387209038736e-01 1.696161274014680975e+00 4.010336921797078569e-01
225 3.530048573151475799e-02 7.518937287005214576e-02 3.749435993066184414e-02
226 -7.342611527398414939e-01 -1.465177953764616126e+00 9.850062298117265858e-01
227 -3.008910681618672811e-01 -2.616950124539609845e-01 -4.590608801492327973e-01
228 6.416711392312993700e-01 1.525866891640903777e-01 -2.088856381080407831e-01
229 6.504626263857498092e-01 1.450334967336626146e-01 4.128860808862818699e-01
230 4.973775948966285831e-01 -3.418007811658525519e-01 -1.005161996501025223e+00
231 -3.435220080345562921e-01 4.307541212005555620e-01 -9.273878627362224236e-01
232 1.495666071225997928e+00 -2.092744802530889514e-02 1.097696740807994953e+00
233 -5.237439490225228450e-02 -1.372767615385743101e+00 -6.740551605135618185e-02
234 7.088222101543519837e-01 -6.159319278934187736e-01 1.321056027839930536e-01
235 3.013196941226404801e-01 2.124236843516874029e-01 1.147894167036572100e+00
236 -8.962925623949660192e-01 1.053196282438642051e+00 4.835126694840322648e-01
237 6.284947767993329451e-03 6.212956058204249787e-01 1.329403054064254963e+00
238 2.341098027816057581e-01 -2.280381901624729812e-01 7.059471739191558459e-01
239 -1.311942497798527674e+00 1.193964417174059461e-01 -6.575337670661223211e-01
240 -4.369863748993031982e-01 6.464003090621318615e-01 2.354124193381585961e-01
241 -1.314010248004242321e-01 -7.701171454770951996e-01 5.431938075719406900e-01
242 -1.721953525128597229e-01 -4.634681779013102298e-01 -8.052727238466121928e-01
243 1.515071421513530803e-01 -4.072267291877194051e-01 -7.122120139386398652e-01
244 -5.224873903738125325e-01 6.533900735320878894e-01 2.626730685625147665e-01
245 -1.484333010999545621e-01 7.812655459354043153e-01 4.516268180833244994e-01
246 -1.021459589831475168e-01 9.290682615882798201e-01 1.184615222651632244e-01
247 5.270733536743994752e-02 4.580669916744181669e-01 -4.806391653676168607e-01
248 9.681340943922991382e-01 -4.658728374449495058e-01 -1.970665059896775650e-01
249 4.971149984139266453e-01 6.269509857015964638e-01 1.884435503862913197e-01
250 7.864025223319800473e-01 7.719267526557002101e-01 -4.306658345268610799e-01
251 -1.021039932071451162e+00 5.688141239326226506e-01 -1.559998522314774982e-01
252 -1.715254814836073005e-01 -2.547743566090934220e-01 -3.614220501442583777e-01
253 8.492421818958785229e-01 1.869014901524200523e-01 1.043823644523840660e-01
254 3.619794046643583507e-01 -4.405141417576999285e-01 -2.913627888760154105e-01
255 8.144102807809057154e-01 3.042107232565939290e-01 5.970697977614900509e-01
256 -3.779160435413314034e-01 2.305035801950482133e-01 6.229131099593071541e-01
257 -4.058379351060268925e-01 -9.524371735877719125e-01 -8.117057444072023342e-01
258 -9.604090955017375864e-01 1.237202795584231296e-01 7.034600130565967779e-01
259 -1.678335984881690612e-01 1.295644011563418907e+00 7.559627286384122957e-01
260 -5.057081680032540216e-01 -2.144540018263401682e-01 -1.134478436146651337e+00
261 -7.002449291167287537e-01 -3.886743881022576841e-01 -8.731344977695652820e-02
262 3.241998751466504403e-01 -3.833679883599123150e-01 6.920530340868302766e-01
263 -4.825900601400183176e-01 -2.248048538843342159e-01 4.220909724866977464e-01
264 -1.321829552108321204e+00 -2.058310431721819822e-01 1.364330550186689361e+00
265 -1.122138195896174917e+00 9.277054947984089139e-01 -1.126690781111044405e-03
266 5.638718250600632809e-01 -1.042715148926388169e+00 7.190943278033244679e-02
267 -4.952543532960191897e-01 -1.116881703479741667e-01 -9.466725985773921659e-01
268 4.993426395895214642e-01 -1.171506355589603920e+00 7.144217960105138099e-01
269 1.264681315499168957e+00 -1.474022630779600884e-01 2.390128593649153976e-01
270 9.034820810253609835e-01 -3.600919514903063584e-02 -4.609651001498369927e-01
271 -1.826663003763122906e-01 -3.375371180756853162e-01 9.563275646195415480e-02
272 -4.578347269837649280e-01 -7.574309356629584933e-01 2.828039738941510173e-01
273 -3.956099203889496541e-01 1.288082996389484647e+00 -3.340882507862610873e-01
274 -1.288585474606735337e+00 6.481766400914484860e-01 1.002390385878280998e+00
275 5.335492646344981438e-01 -5.049780458387852500e-01 -3.862699849880065206e-01
276 3.063516486220810298e-01 2.167930534290855304e-01 -7.563136958802201271e-01
277 1.490518983256344798e-01 5.639057452884330690e-01 -6.199081925255002339e-03
278 1.079085596254752533e+00 1.374243639805136918e-01 -6.686841125508459216e-01
279 -2.803703801766718184e-01 2.813172705623302461e-01 -8.643528045664800041e-02
280 -2.010531749071500673e+00 6.482013903826407963e-01 -3.460142725339003245e-01
281 6.381231875773607509e-01 1.089806843979960638e+00 5.878924898172763758e-01
282 3.197740710867813529e-01 -6.485039617811494406e-01 8.579891549826018649e-01
283 -1.820797445169539674e-01 6.015618179517159270e-01 -1.036475820121172342e+00
284 -2.491287265264308104e-01 -5.134232015838179342e-01 -6.167117033285629546e-01
285 -3.961499738523337893e-02 1.653089498716746042e-01 -2.986389535604444534e-01
286 -3.457927002992021159e-01 -5.396680079790350248e-01 4.496471046953950945e-01
287 9.903036070693832515e-01 6.457821482992451845e-01 2.161133297026249234e-02
288 -4.231763592079601510e-02 -4.217284267908593121e-01 2.394830626957660247e-01
289 -4.553850533920441035e-01 1.663304204871772107e+00 -6.708174480249129434e-01
290 3.210808301491189787e-01 7.062094482257127437e-01 -7.256926840909733167e-01
291 -8.155954281535460204e-01 1.975476087455269036e-01 -2.006172274469446570e-01
292 8.272984514779574416e-02 2.383191922253996009e-01 1.782426114713784759e+00
293 6.378015109850521114e-01 1.195978261245879276e-01 -2.203967697713827278e-01
294 -4.029197805705239110e-01 -1.397096775598715701e-01 -6.388517608922488211e-01
295 -1.217779244378808662e-01 -9.032482283070359941e-01 1.086315224345047126e+00
296 -4.152785507584387803e-01 7.831703698790916102e-01 -1.136036105352527636e+00
297 4.941627687312917794e-01 1.087289652089940217e+00 7.954724977189012169e-02
298 5.415222818971768826e-01 -2.388511410066493368e-01 -2.755120696449241402e-01
299 -4.024355301718527400e-01 8.077095134579354019e-01 3.719985231473367515e-02
300 7.553728540281297033e-01 -9.384301036991433698e-01 6.813189561907964098e-01
301 -3.076276870360806770e-01 8.772100365357260454e-01 -6.249094219087446278e-02
302 -3.327531146686694141e-01 9.837537810369360036e-01 1.764760790493762110e+00
303 6.805821691957638642e-01 1.318520005853733301e-01 -2.176336149535051667e-01
304 -1.076309414664713970e-01 4.099981961914343082e-02 3.594682266216460420e-02
305 -4.777776204540510885e-01 4.514022039634337236e-01 -1.095673063764667221e+00
306 -8.364169128252184615e-01 -2.945899739804001549e-01 3.063057022847214331e-02
307 -1.161607201343781259e+00 -2.486770482703071772e-01 9.917344289270134672e-01
308 5.970494842682672054e-01 -5.031292056063407792e-01 -7.695146583935599249e-01
309 -1.840013306932605508e-01 2.638048319553735338e-02 -4.757763120667931611e-01
310 -6.750809037381391708e-02 7.245288858982238400e-01 -1.035012105587429648e-01
311 -5.884887694407830994e-02 -2.548915838726003025e-01 -7.966845240887527879e-01
312 3.867036120129783150e-01 -1.239333566924650902e-02 5.568557981241405441e-01
313 -1.505283701985302980e-01 -6.494542692838530806e-01 1.774913940799324186e-01
314 4.485595582645390267e-01 4.065429439172919546e-01 3.757716358972621462e-01
315 3.393851785338638377e-02 4.487551781294644715e-01 -8.453619724478442232e-02
316 7.986392647005097212e-01 2.074495618015294307e-01 -2.073133550852215290e+00
317 3.748411180848545271e-02 -7.276714541935442870e-01 7.494297515451810998e-01
318 1.211595723521108614e-01 -2.978693167116703844e-01 5.699043964139259844e-01
319 -5.222357846104068724e-01 7.841521650293141465e-02 -7.991068656446487228e-02
320 -1.775775093662021187e-01 5.786111925571588710e-01 1.225201433406724189e-01
321 4.877940311766051223e-02 -1.878423261790437837e-02 -2.279040483148734308e-01
322 -1.337887670969819809e-01 3.618427963398758718e-01 1.318839265070631817e-01
323 -1.338742492837067477e+00 6.379011159385215013e-01 4.644564994833241256e-01
324 -2.995087729029455859e-01 -1.285296123481394492e-01 -9.573473801662319982e-01
325 4.219645354207865462e-01 -5.498205524426414970e-01 -1.380377844868733161e+00
326 -2.651530306267644299e-01 -1.392950106694936130e+00 -6.310650036497564841e-01
327 -6.131209821784956437e-01 -8.908569215321451851e-02 -2.513038063843311409e-01
328 -1.065126475004829709e+00 -2.429300216849336058e-01 -2.573791200812512447e-01
329 -3.098916631038091674e-01 3.029173562388193242e-01 9.379364740606258577e-01
330 -1.045875854885810474e+00 -7.051076759358581025e-01 -4.869286317551197452e-01
331 -3.852348590376528659e-01 -1.102700950129620550e+00 6.121483114302281869e-01
332 -3.750481498008764736e-01 3.694387816420831028e-01 -6.051547103023316998e-01
333 -4.003289297849825790e-01 -1.434804552502988217e+00 -1.023406718672919435e+00
334 5.420815327469473699e-01 1.909733537941388226e-02 4.682311266023193586e-01
335 1.022960744218794904e-01 6.429559390698315058e-01 -4.453682822128942065e-01
336 1.298993241732800119e-01 -4.905027917546876948e-01 4.181319475144037456e-01
337 -1.121080843330844568e+00 -2.497698221493096782e-01 -1.315407385361921921e-01
338 -1.211008480148280560e-02 8.973065926237908663e-01 -1.083612506538693537e-01
339 -4.949471533087337893e-01 -5.667015763586875643e-01 -2.071418097916516210e+00
340 -1.913356030765142879e-01 -5.599916992389405435e-01 3.075897581032992489e-01
341 3.475803372583252671e-01 5.427947086761600870e-01 -6.841400402692265903e-01
342 1.201392961287846284e-01 2.179248411634554794e-01 8.199367993457532533e-01
343 5.033871010143819991e-01 -2.245135500679031615e-01 -9.886737535114524800e-01
344 2.668635796161474283e-01 5.516318869214996423e-02 8.380992495689880417e-02
345 1.334655968983642360e-01 1.205877696115728703e+00 -8.536258715324012147e-01
346 1.407249159355366874e+00 1.080632147045803987e-01 3.944409055601596492e-01
347 1.103322310468109357e+00 -1.223446953700194406e+00 -7.260481692043133650e-01
348 2.910324401459984389e-01 8.615237142294616957e-02 2.757643144050569983e-01
349 3.101088119811001853e-01 1.015793613629078163e+00 4.992743073224072403e-01
350 1.197742306487242558e+00 -2.435644669153705366e-02 -4.285877147352779026e-01
351 5.921883432135013198e-02 -1.697597324109705874e-01 -1.213650087868252125e+00
352 3.289867518028805615e-01 -2.366493649590778112e-02 -6.958872881024709134e-01
353 6.137226786715148652e-01 8.741397667805951566e-02 3.378928552605862667e-01
354 3.374380568632388555e-01 -4.604393846028829729e-01 3.375422832383640631e-02
355 -6.960299898643290684e-01 5.154500968576002373e-01 -1.003829876460743842e+00
356 6.404545585175648592e-02 -3.725703683692437318e-01 1.046679839678257701e-01
357 -2.371017240466291032e-01 -2.370285604742699004e-01 1.952533722602302069e-01
358 -9.227318680207895196e-02 -1.144570017335848067e-01 7.905839945644635991e-01
359 -8.837121721732378588e-02 2.232423260903927953e-01 1.688750954478942246e-01
360 3.859087045250475523e-01 5.958798209513637145e-01 -3.257248887229464707e-01
361 -2.026418182100128418e-01 8.671663888913606622e-01 5.872077649829899881e-01
362 6.497131250955733295e-01 -7.434145459968944936e-01 -5.107492706373093494e-01
363 -2.700476457626222460e-01 1.087312887035054854e-01 1.495638219783735623e-01
364 2.650339491980192586e-01 -3.367221862046115288e-01 3.840072700052551274e-02
365 3.316869775340134940e-01 -1.032437357709259373e-01 -9.904448957469045300e-01
366 -1.767555883131063654e-01 -2.196333495821982396e-01 1.130023844620861029e+00
367 6.802906838120735822e-01 -5.359366142126874566e-01 -6.317153734355883676e-01
368 -4.653159997290710059e-01 -4.883247939926322889e-01 2.678735930425005241e-01
369 -1.139656454099362975e-01 4.371339005845455983e-01 -4.520882751923948062e-01
370 -5.822262772108003359e-01 4.902632418312052875e-02 -5.559549052373990996e-02
371 -2.680005537121092352e-01 -1.194251153949024369e+00 9.447167279404763973e-02
372 3.067401981516904019e-01 5.330906730684457917e-02 -8.361982605485277498e-01
373 5.763264042434013135e-01 1.391259612743716678e+00 2.039118445844882999e-01
374 -3.767781782035348193e-01 -6.013553212681550519e-01 5.711332882787425458e-01
375 4.703353367129823881e-01 -3.091706779813883088e-01 -4.245379674953809745e-01
376 -1.364604605285262062e+00 1.069347662805388177e+00 -8.554791848301149804e-01
377 5.060784818176293672e-03 4.120672125641688388e-01 -1.484633606468557465e+00
378 1.081099809563373371e-01 3.428275457563420003e-01 3.055074366921103901e-01
379 6.913993868201285808e-01 -2.769684129492450131e-01 -8.344817338185107625e-01
380 3.085875896226523141e-01 1.668873475656354466e-01 9.434240102625793822e-01
381 2.161506105038186465e-01 2.901587564149658016e-01 3.301684281099667717e-01
382 8.764764350965851269e-01 3.794355260066700208e-01 -5.558947188606317980e-01
383 -4.432465821600644618e-01 -4.872119819267695107e-01 1.067606387446184413e-01
384 -6.547589455067495123e-01 9.310792432798200569e-01 -5.536045593843057500e-01
385 -2.638908785127144219e-01 -3.836608439267207293e-01 -7.619688368409217594e-01
386 6.234255931175396448e-01 -6.396623314671995297e-01 -4.756297125037480672e-02
387 2.415758871395158991e+00 -5.023332957367099283e-01 9.843244542291601507e-01
388 1.626814469741915542e-02 -7.794782041358560010e-01 -3.235218616218518140e-01
389 -2.175509206334540115e-03 -2.848563319461330789e-02 6.022308088277531501e-01
390 -1.400398925794757110e+00 -7.662535664768419519e-01 1.558472220157480548e+00
391 2.680447793551742897e-01 3.119591107832548338e-01 -4.155648149284444925e-01
392 -9.518638526291745006e-01 7.670458863032617591e-01 4.587261577771604149e-01
393 -3.910089034886695125e-01 -1.383677598757289351e+00 -7.876369377623393397e-01
394 -3.348427495041888524e-01 -4.148565332669407191e-01 3.414387130371501766e-01
395 9.464497605965694893e-01 9.180569842949496406e-01 1.013568232664824986e+00
396 4.141169305166856329e-01 -1.055247580670068963e-01 -1.070041105124235753e-02
397 -2.141057489664532909e-01 -3.430350765764646481e-01 -2.155632280859698102e-01
398 5.359835303185227495e-01 -7.014549425189686715e-01 7.660532789716261171e-01
399 -1.683467747467889408e-01 4.573822439407296270e-01 3.917555692837336734e-01
400 -6.029158670606462600e-01 -6.227360511666919507e-01 -2.670617718351325220e-01
401 1.456431172799759477e-01 1.850165472484567530e+00 -3.108123635977426691e-01
402 -7.409737474464907908e-03 3.309592298029688517e-02 -1.483816884591861451e-01
403 2.930558346236906281e-02 2.632016553190399399e-01 -3.480246279239613827e-01
404 -8.683822787832053969e-01 8.948482520755084435e-01 -8.214051825986985467e-01
405 -6.898915402806596320e-02 3.549717824498622720e-01 -1.171597058432241462e-01
406 -4.992619940670520173e-02 -6.699360090682551228e-01 -1.339090572722850259e-01
407 4.891866774126275019e-01 -9.089875169210491768e-01 8.664829795517391409e-01
408 -8.705035394687259120e-02 -9.101283432020402797e-01 9.559471550356402059e-01
409 -1.967777954105691118e-01 -6.001466331511404739e-01 -6.525058730824835340e-01
410 3.643935773604708994e-03 -5.384426177031522709e-01 -2.824884206630347283e-02
411 -1.332887051602413830e-01 1.471373606201182405e+00 -8.320845725748122756e-01
412 -5.264983791164065119e-01 1.248069759740814966e-01 -5.900809208049040411e-02
413 6.274151986263967196e-01 4.804749126446433150e-01 8.117044304752165651e-01
414 -3.738281965837722542e-01 -6.165213751717680823e-01 -1.487940724798085812e-01
415 -1.109870051663273960e-01 5.915686270439807215e-01 -5.646974113981113597e-01
416 4.719979380791914925e-01 8.519444193633106677e-01 4.182710018417143960e-01
417 -1.402264533181347694e+00 3.281633497203280125e-01 -1.957139718529665451e-01
418 -2.285151054864864584e-01 -5.416565281214082983e-01 -1.313873333359306450e+00
419 1.262620614683656273e+00 1.002642676777752095e+00 -5.313972870107278590e-01
420 7.811318011690104000e-03 2.780681830378016750e-01 -1.186327631344643307e-01
421 6.484992247078568139e-01 -2.538728444809132401e-01 -4.167125637539776939e-01
422 2.955197621609347292e-01 -2.110147957106668914e-01 -1.080461058253750384e+00
423 -3.925964209321072818e-01 -1.256029655684167690e-01 9.112627215371766898e-01
424 -3.543023773751949324e-01 5.142906777867657375e-01 8.864936643799380470e-03
425 6.975949096483988754e-01 -1.076139904683568016e+00 -2.973855436016487053e-01
426 1.266997640335698394e+00 1.262882845028037160e+00 -1.730633026116060180e-01
427 -1.547866390881649235e-01 -1.492690299615250460e+00 -5.950661308411179240e-01
428 -5.031944653301430037e-01 3.338715293034965059e-01 2.984596852059420713e-01
429 4.968460992314661928e-02 -2.914609847655740826e-01 -3.645299738163353398e-01
430 -4.634406193148037784e-02 7.204736047287896294e-01 -4.193299846051061763e-01
431 3.206428270539604664e-01 4.813500135032831029e-01 -7.712052296567394327e-01
432 -6.649228844204381206e-01 9.269690008698691086e-01 1.092831058859833337e+00
433 -4.417325489666630300e-01 -8.975326632130238179e-04 1.182287869061760421e+00
434 8.002616068629254675e-01 7.485763782859843340e-01 -9.384092615177589414e-01
435 -3.673790106852861670e-01 3.059915071401599351e-01 7.823534087909427281e-01
436 5.643269315289266563e-01 -4.753053515193715328e-01 4.509426866299821035e-01
437 1.099632195307999938e+00 1.050886263171693757e+00 -1.046593095819869923e+00
438 -2.157438215460083866e-02 -3.098597897398090995e-01 -7.873329935973133464e-01
439 -5.294506655276069035e-02 -2.362942396507300147e-01 -6.623346995675221116e-01
440 4.257626470243038724e-02 -3.619998978382340526e-01 -5.045674956916418319e-01
441 -7.154195617638501314e-01 -7.269192134033419794e-01 5.395079626521204208e-01
442 2.713553436772317418e-01 2.341575862602669755e-01 3.333450183565930258e-01
443 -1.603152173336371555e-01 1.066758980598692952e-01 -5.089308429589626259e-01
444 -7.240048063804110923e-02 7.558074996077522589e-02 2.173475870064752180e-01
445 6.805914824513955574e-01 1.361059561700147968e+00 1.225475973418569176e+00
446 1.325848938417792500e+00 5.897757175560234266e-01 -2.507705654318532762e-01
447 5.133471391199124767e-01 6.156757568707113201e-03 -3.670484346584855784e-01
448 -1.173083702537930512e-01 -3.927933359355307852e-01 -3.924379031201119528e-01
449 -1.331814548454414382e+00 -6.582797418397414724e-01 6.755476512289877444e-01
450 8.336569300251125414e-01 -7.535593415505964510e-01 -1.736123236959006277e-01
451 5.283375643121867027e-01 -1.084196149014050592e+00 -2.944180054923120071e-01
452 -3.906742113199379030e-01 -8.867201188037043824e-01 -2.563715618661216999e-01
453 -5.214956073369708678e-01 8.410455860505097192e-01 8.991432182418128694e-01
454 6.199260491964436737e-01 1.313853920890879212e-01 -9.739909341428165668e-01
455 2.754714803961178515e-01 -3.062353057284282198e-01 -4.919564107328429636e-01
456 3.631333094465679645e-01 -6.099754941938054786e-01 -6.007250391135980916e-01
457 -6.950484863867061325e-01 -2.740629505905539751e-03 6.970647240937329903e-01
458 -7.096461812187021545e-01 4.071267857207993002e-01 2.276446442343825205e-01
459 -4.736906356580641297e-01 7.848494933640507432e-01 -6.031753000442851009e-01
460 5.272405816332376149e-01 2.587901241630199412e-01 -4.085552024904421514e-02
461 -6.952959952305289848e-01 -2.628569227435283429e-01 -5.000388413901123846e-02
462 7.757483242940058643e-01 9.472436254611904527e-01 3.791920166242211399e-01
463 -3.997988647381851557e-01 -3.266101737849871900e-01 -1.669367939142556156e-01
464 -3.020778146610290649e-01 3.754459677681744045e-01 -6.338204950035832841e-01
465 4.655323515095106945e-02 -7.184717212821077892e-01 6.555973296070785050e-01
466 -2.612435972231812453e-01 -1.113496062248352070e+00 -3.240148228610817971e-01
467 7.533919671856451616e-01 -3.353729462079829138e-01 -6.957990686076612752e-01
468 1.726491875771083914e-02 -6.894378620707688476e-01 1.999680093476959852e-01
469 -1.874167978384867206e-01 7.936861917539990152e-01 -2.946574999525938265e-01
470 -6.479379668017397620e-01 6.630181555192105058e-01 -2.309418180177191526e-01
471 -7.862956175843871520e-01 4.902832601896503495e-02 2.780068140734145432e-01
472 2.067521464378341833e-01 -4.380749824198286735e-01 2.385739910298554367e-01
473 -3.093495948035406840e-01 -1.117003464915598543e-01 -4.612728979956509656e-01
474 -6.748405759826202610e-01 1.673456656274088707e-03 -2.175007499683267453e-01
475 -6.079444837766984078e-01 5.602353951116929576e-01 -6.034052974712313944e-01
476 -6.597356682843492914e-02 5.123326374956492790e-01 -2.172417470314344512e-01
477 -1.483866006148917560e-01 3.741962114501087844e-01 -4.145087629508324989e-01
478 -1.884483191262754098e-01 -6.918396600225544535e-02 -5.578851565737621421e-01
479 7.586354319054618989e-01 4.384292039491045068e-01 1.400159037982546817e+00
480 -9.509687545132925468e-01 -6.658894572492136676e-01 4.193121339663793412e-01
481 -4.903072612013557596e-01 1.302961724402363686e+00 -2.539271384321409863e-01
482 -2.148385382969861951e-02 -3.920247725856869092e-01 2.625027902510605471e-01
483 6.259525985981538865e-01 -1.315075963475030585e-01 7.442581520149498253e-01
484 2.165780852946652957e-01 6.597454304690127946e-01 -6.383101915139846594e-02
485 8.661508033515817884e-01 5.780133432792996517e-01 6.405219485423346848e-01
486 3.350299550307534457e-01 -8.427967392128891122e-01 -9.483723101286442025e-01
487 -1.013434859919254555e-01 3.241031418965970023e-01 1.094896738297396616e-01
488 -6.575400944305360706e-01 6.055051891943050713e-01 -6.387697439261603993e-02
489 -1.888836515322035725e-01 2.875197721731446998e-02 -5.257796179137387282e-01
490 -1.581772554299344657e-01 -9.931340000908558951e-02 2.499826075417822813e-01
491 -2.479161872718094184e-01 -4.267634703227791287e-02 7.992333086729844771e-01
492 6.863083792228971136e-01 -7.720415307572776609e-01 -9.345138814016219486e-01
493 -3.105020057823166812e-01 -3.776288899393100418e-01 -2.064595675491852703e-02
494 -1.015510291499820861e+00 -8.411625760924508199e-01 -8.271482876917062299e-01
495 -4.101414430432084313e-01 -9.632750436783730219e-01 4.322091202852876290e-01
496 -5.820355642233195903e-01 -3.102232384892574246e-01 -4.525886910413327580e-01
497 9.676231826434477101e-01 9.035042028786501034e-02 1.441535962378409641e+00
498 -3.891085702563233384e-01 7.527922094210681703e-01 9.916378244438918133e-01
499 4.111718325725957079e-01 1.319023791026331938e-01 3.915211394252744448e-01
500 1.033147794593962887e+00 9.540118900559823034e-01 -6.169316328907643587e-01
501 1.404057048326801560e+00 -4.496833706470664271e-01 7.297313789263003558e-01
502 -1.732071899903545042e-01 -1.034701504440165509e+00 1.969123284424356690e-01
503 1.895406456096857817e-01 8.306685799766965069e-05 7.856879771738990437e-01
504 3.127494447807485090e-01 -6.833338267284092549e-01 -5.039766107097819470e-01
505 -5.881217434403162025e-01 -9.728064843098453984e-01 -9.506278616672686477e-01
506 -4.447881967338295772e-01 -7.533193147422261038e-02 -1.356009289722372557e+00
507 -1.215289484668345077e+00 -7.153787964770400021e-02 -1.001763683650327003e-01
508 -1.988034271965002237e-02 6.483091545716901383e-01 -2.125535503194313225e-01
509 -7.268211765412708747e-01 3.009835192002225379e-01 -5.040288213595054412e-01
510 3.636363031716868810e-01 1.073428748054379295e-01 8.364739385361142920e-01
511 6.954097614638435898e-01 -4.307664149525763375e-01 7.255437322500969399e-01
512 4.627089276745690594e-01 2.963281160355703547e-01 -1.693524504005520792e-01
513 -3.016909931948631440e-01 -5.520240248999732646e-01 -2.628734458284668341e-01
514 4.831352073625316268e-01 -2.344888782656338183e-02 -7.208302647083233428e-01
515 8.814587469503193384e-02 2.506497553794556077e-01 -9.836340753939528669e-01
516 1.515130757684591267e-01 -9.098128459649519328e-01 -7.902470908012915185e-01
517 3.245286666550085686e-01 3.689022472333403635e-01 -1.325712541094935248e-01
518 -6.019668739174049987e-01 2.227384306542164738e-01 -5.219781158807840216e-01
519 -1.472487079405668531e-01 5.639742274958947643e-01 2.162729609125635943e-01
520 -8.072430459855242657e-02 -8.268114424923285188e-01 1.552401555396932531e-01
521 -2.399379135220601755e-01 1.008008179367428259e+00 -3.259624241464404992e-01
522 -1.690405567575774537e+00 -3.909341720675834631e-01 3.344408579517961777e-01
523 1.447902641063575357e-01 -6.919945179206059560e-01 -7.855205709295490224e-02
524 -4.792316764531209250e-01 -7.063175631835739710e-01 -1.455233822529570009e+00
525 9.919959665683801830e-01 5.896563983122796726e-01 6.015058015582294138e-01
526 -8.191088791278078318e-01 -1.662629517478833030e-01 -8.219761169839080450e-01
527 1.154791737096554138e+00 5.237337806141006968e-01 -4.616985774461768860e-02
528 -8.758608489208691283e-01 -1.712417905815431241e-01 -2.680070409733044112e-01
529 6.616906651144344176e-01 3.503689230211356337e-02 -2.928980542623603744e-01
530 1.113305641527181811e+00 1.682187697329873555e-01 9.901253736396162797e-01
531 -6.072613257795120845e-01 4.489106150660741590e-01 7.138647197042690129e-01
532 -4.019726711992115398e-01 4.718864840230500568e-01 9.352006288849974425e-01
533 1.359058302963997988e-01 6.846362774541728813e-01 -6.533222975637655860e-01
534 -4.659860282277498988e-02 -5.150608874332520681e-01 9.488151326035941524e-02
535 -2.970478578287477633e-01 1.139884694853130709e+00 -1.049276997142313365e-02
536 -1.171769146134553075e-01 3.742336677213964347e-01 -2.722789529169407641e-01
537 -4.244952258482669882e-01 -1.635438985252826827e+00 -1.077723121951966956e+00
538 -8.335872461595480454e-01 8.985603973440349224e-01 -4.802660826237888925e-01
539 -4.362190374210517807e-01 -3.472220533790163488e-01 -5.602494239738581294e-01
540 2.949285728071063817e-01 1.770141270150555612e-01 4.468286215029674269e-01
541 -5.966979194730375191e-01 3.896597239882931135e-02 8.720958319775459211e-01
542 -3.328618305484734585e-01 8.539916712685545752e-01 -2.134556613111699558e-02
543 4.283727395321573761e-01 6.902210497092997610e-01 -2.850866933941273995e-01
544 5.173388454270877457e-01 4.575500537915727084e-01 7.461645103860167771e-02
545 1.310106287055983199e-01 4.158729426444630062e-01 2.467499879814721853e-01
546 4.328671829844599195e-01 9.719683936615813868e-01 2.737492831555367045e-01
547 -5.577720012993780951e-01 1.867779204967572049e-01 2.738291406309827786e-02
548 -1.123917140211853516e+00 -8.118060732292989856e-01 -5.454556449691736475e-01
549 3.468222358125124249e-01 8.277718823567409290e-02 8.702560477207560430e-02
550 -6.011506950971907681e-01 -1.956174375370945684e-01 4.126610856833736185e-01
551 -5.816096148464745541e-01 9.052075804286049410e-01 6.385698244724156147e-01
552 -3.664663726572935376e-01 -7.065991795408937959e-01 -7.537430411109552128e-04
553 8.497075993159846075e-01 -2.669591552490210157e-02 -6.545214976147501092e-03
554 6.580771783751202531e-01 1.556306357349040326e+00 -3.728840103554324492e-01
555 1.759072843437078648e-01 3.296021700291558165e-01 3.746797427561974203e-01
556 -3.680686618326907689e-01 -3.105044311221043518e-01 8.225171968013545998e-01
557 1.210266369799155362e+00 -1.422725922168232016e-01 -2.142908002259211186e-01
558 -4.065840745290555946e-01 2.256538376485150987e-01 4.957019906335876636e-01
559 1.001779001654785478e-01 1.158817296545555653e+00 2.837142949274231579e-02
560 3.019545687047719418e-01 -8.354515215381879134e-01 -3.751432108684180089e-02
561 -2.827272385329346327e-01 4.287880829668279659e-01 -4.444995692238041252e-01
562 1.176923211026190547e-01 9.722410551650526589e-01 -1.204273980652749154e+00
563 3.418523684131081208e-01 -9.031197738491523186e-01 -5.411413499539240446e-01
564 8.382379070376599906e-01 9.980113408350668736e-02 8.643791287445155846e-02
565 8.596410640272052206e-02 5.300919233772074524e-01 -5.186730601360814985e-01
566 1.213933997944775973e-02 -3.462314110804780021e-01 1.403027795087147256e-01
567 -3.942133383598893370e-02 -1.535467922933098084e-01 -6.226933601548992891e-01
568 -2.750377893186879974e-01 9.609506109574306176e-01 2.955353330538212364e-01
569 1.684020456916418551e-02 -2.257557932742053353e-01 3.820119008875416666e-01
570 3.385173769252178277e-02 -5.932611954503184126e-01 6.360076825151563806e-01
571 -1.226928474214125320e+00 -1.417442449133482496e+00 5.925387164579151156e-01
572 5.682628093545811776e-01 -6.675166651899190617e-02 -9.680031304156355015e-03
573 1.503803096457580757e-01 -3.813128944977007273e-01 -5.473527480848541238e-01
574 7.550242346056900561e-03 5.411201359256605503e-01 -9.862537868380226724e-01
575 -4.467596637590490194e-01 6.750871171585572095e-02 -1.888116815855900021e-01
576 -2.749897734188891385e-01 -1.170777032323848943e-01 1.124234990747488144e-01
577 -7.365788399778546713e-01 9.310070494672900709e-02 1.813963039632538465e-01
578 1.719356892018373273e-01 -7.759748746467018399e-02 -4.523698053146364417e-01
579 8.125768600285373511e-01 -1.124403484461289765e-01 -5.859244427610514894e-01
580 -1.758077258236108720e-01 -4.670150735477139325e-01 3.322931229955574661e-01
581 1.060153986382792041e-01 -1.012488246843830986e+00 -8.439058664485975247e-02
582 7.372190054885134902e-01 -6.572691176971433569e-01 -6.918769275397981255e-01
583 -1.630583047205941827e-01 -1.662811794021560874e-01 2.128166310307891274e-01
584 1.986126783061199497e-01 -3.909274705056207666e-01 5.862485977218618860e-01
585 1.486544959046109948e+00 -8.590162647927053197e-01 1.694057908760512043e-01
586 1.057029036477352468e+00 7.274783484134210720e-01 6.973322242699568629e-02
587 -7.164559394107348211e-01 -7.110786575345018345e-01 8.146287086337623551e-01
588 5.174434616619837390e-01 2.318807538303587490e-01 -1.854036405641473761e-01
589 -3.847251720976893608e-01 -4.633319483702930119e-01 -9.024387805428445430e-01
590 -2.538107752668728942e-02 5.310794146570093632e-01 -6.077237020449240967e-01
591 -4.543894518768423763e-01 2.474884463938106238e-01 -6.149994663899575054e-01
592 -8.583145727119936286e-01 1.229314383719981585e-01 -5.653136790230511161e-02
593 7.655143307958206522e-01 1.797512702924071448e-01 -2.466344039744454431e-01
594 -4.651961522115314468e-02 9.751743582974107261e-01 -2.795577788574805100e-01
595 -1.286752770667144441e+00 -3.462270896216099736e-01 -3.298464314145609366e-01
596 -9.319285494240167056e-01 -2.398394269546429425e-01 -3.279296721417998550e-01
597 6.410848178652205076e-02 -6.370737018838656951e-01 -1.096803881099656236e-01
598 -3.769751471508063778e-01 6.911679237561347833e-01 -3.263404671262770673e-01
599 2.460534793158352940e-01 3.463178601216621022e-01 -1.759793635498531905e-01
600 -8.328250054084311571e-02 -7.901675653662170173e-01 -3.919084507050972777e-01
601 -1.530742820980794949e+00 -1.078934753581288764e-01 2.943939852639449462e-01
602 4.504758007561960320e-01 -4.081686721204867696e-02 4.730715503838979208e-01
603 -9.181462405017614126e-01 -5.303965306529937473e-01 3.827508050760423247e-02
604 -1.061267382437039997e+00 9.708586024880620780e-02 1.329403239630063016e+00
605 -1.283006413557153280e+00 4.527104064274053985e-01 5.987408648618951501e-01
606 3.859860521716956816e-01 -1.351839223508347065e-01 1.480429923492170285e-01
607 -2.203608178440533832e-02 -5.212419835724859674e-01 6.565221720786449389e-01
608 -7.811519864776234057e-01 4.164644677086739577e-01 -1.209338505433780048e-01
609 1.879702129374477781e+00 3.506527721620543714e-01 7.571703519966452856e-01
610 -5.358609588143421476e-01 -5.966408872253469164e-01 9.020495359352348475e-01
611 -5.618305146454676269e-01 2.022790308649529412e-01 7.347637554106541957e-01
612 5.395291398230593616e-02 6.622369809589301326e-02 -1.548313787840896349e+00
613 3.482495462336762659e-01 -5.548863060410427206e-01 1.296266464247523453e+00
614 -4.619243319534215297e-01 1.417376626226721781e+00 9.752499260027884809e-01
615 -8.562056997216328513e-01 -2.553842419494115612e-01 -3.924590285832437742e-01
616 3.337188170573256452e-01 9.824805151496656119e-01 -2.847209303646586892e-03
617 5.485120504362116234e-02 6.878249354106606706e-02 9.674484137572958442e-01
618 1.118005920281189697e-01 -6.397026996976886704e-01 -8.107699482377646316e-02
619 -8.193894107658449277e-01 1.032141389404330090e+00 1.048971745583430898e-01
620 -8.237202134970115219e-01 3.552948290836895340e-01 2.358542146541759421e-01
621 -2.442276290094183566e-01 1.329830253866549350e-01 6.153175052256005806e-01
622 2.126633638776305735e-01 -9.017914649376398417e-01 4.607660363784958912e-01
623 -3.161801075946145123e-01 1.446584537996482123e+00 1.496280850544969565e-01
624 -1.989609336009395824e-01 -1.028710110556305235e+00 6.681367900453920594e-01
625 -2.426651118009862940e-01 4.517742437033068770e-01 1.348423475695474660e-02
626 5.181812035870606570e-01 -7.409682334178461227e-01 3.424029008541332186e-01
627 1.075529159145256042e+00 -3.483204985599415160e-01 -5.064947796570514749e-01
628 1.005305374292802867e+00 5.198288761679381587e-01 -2.010166339035276140e-01
629 6.042502215982593627e-01 -5.412338800286842222e-01 1.105832626185104667e-01
630 5.894313696277906356e-01 3.436580076582274046e-02 6.086441407259940428e-01
631 -4.315038676646637539e-02 -2.578671823851975270e-02 1.143909601974042234e+00
632 -9.928075701914691464e-01 -4.172480147850803345e-01 -6.768766691822242221e-01
633 7.397302660164388477e-02 4.524256008597417611e-01 5.022902430369196036e-01
634 -7.571648133326502883e-01 -9.166006237240396093e-01 -5.024553206502447855e-01
635 -4.050949952640079538e-02 -3.416341343982974288e-01 1.015201672071208483e+00
636 -2.874034344632714344e-01 -6.880092756401727516e-02 5.088643211736327832e-01
637 -4.165391207033929954e-01 4.437623512694353033e-03 -5.652958916753157009e-02
638 -1.092108026778494147e-02 7.576566438797097680e-01 9.958289880843543829e-01
639 -4.338924535353368972e-01 -4.770651014876897134e-01 -9.012463424193224437e-01
640 1.299376185895897429e+00 -1.457200379196472821e-02 -9.388433199261211337e-01
641 4.699052964261763998e-01 -5.432828968479705978e-01 -9.246620896334948325e-01
642 5.932812090803735866e-02 -1.805044865926366537e-01 -7.490885856546320998e-01
643 -8.270258835782799967e-01 -2.163615274944573896e-01 -3.776218675833087346e-01
644 2.835637296111527261e-01 -5.831577539259126253e-01 1.576480186312129508e-02
645 -1.423815263218070754e-02 5.231426946625102881e-01 1.074241758705661021e-01
646 -3.086126301294044305e-01 1.343298683507565094e+00 2.357467036864316356e-01
647 -7.681053092239963354e-01 1.196230863060062877e+00 -8.789803956105741722e-01
648 2.832686113412535289e-01 -1.480981861666872956e-01 -2.404837193135883344e-01
649 2.845671512949718429e-02 -1.704671344138464495e-01 -1.352421365988966673e-01
650 2.436478266942391710e-02 -3.789402991206239357e-01 8.419898880405359831e-01
651 -8.265598858697909002e-02 -2.786514226105831285e-02 -3.206981812758157857e-01
652 4.352504288839476043e-02 5.359323401678955934e-01 -4.102255238680604932e-02
653 6.209196961247680224e-02 7.877550192909700266e-01 9.503808992722153626e-01
654 -8.934742406879792043e-01 3.867248911665449596e-01 -2.137537900898336118e-01
655 9.262351157225259257e-01 -9.145826665329376270e-01 1.668330656052645189e+00
656 5.109095702802287642e-01 -7.413521651055396955e-01 -3.224248298175377836e-01
657 -8.981919618602982047e-02 5.724379292101494654e-01 5.054170971753030317e-01
658 5.126911166575061352e-02 -1.468256998704042360e+00 9.772790747895671037e-02
659 -7.231729618175624097e-01 7.179664293660594776e-01 9.432840875224376975e-02
660 8.804095678242220835e-01 8.787742972896890326e-01 -9.653990688554181521e-01
661 -8.911211402859136044e-01 4.344212133246497798e-01 3.854630634053686222e-01
662 -9.069613848627923192e-01 -1.895461090951256200e-01 3.904408672708906680e-01
663 3.259677137729815599e-01 7.870667211909595506e-01 -8.233494460892194777e-02
664 1.142029968795878814e+00 2.370564254400203963e-01 9.485622640822586327e-01
665 5.106522007512888095e-01 -8.757295560943845203e-01 3.541419613664478772e-01
666 -2.084462391510754076e-01 5.853955293021304573e-01 5.513337579110315634e-01
667 1.058110700782587621e+00 -4.117223346018751839e-01 -4.645322123613638277e-01
668 -4.837996995836536529e-01 1.113611125531947854e+00 6.640222759960028309e-01
669 1.001098265438446377e+00 1.020133155319315144e+00 1.351477334501718641e-01
670 -3.587978056817178185e-01 -4.669755186955327209e-01 -1.436061205925410478e-01
671 8.268085914466417607e-01 -2.043484267142126609e-01 3.183833760563348214e-01
672 -4.597311749393160896e-01 8.604556201693953632e-01 3.637149708356375855e-01
673 9.311015879548526636e-03 -2.029174520101120205e-01 -8.785266160851465944e-01
674 -1.327943900062656113e-01 -3.671488830472435794e-01 2.037553330830082360e-02
675 -7.063643999769743387e-02 5.129032077752329055e-01 -1.160762394488717320e+00
676 -4.246057563018502123e-01 6.988391556519022441e-01 -5.951648535916783667e-01
677 -2.809348885862285039e-01 6.787692314209694544e-01 -8.123957848005622928e-01
678 6.790316819120937319e-01 -6.176471638702598632e-01 6.548525015413525496e-01
679 -1.499978101315682655e-01 1.419250302875980918e-01 6.693561294924257332e-01
680 -5.540097358600669653e-01 -3.161277964612658753e-01 -1.123357750279050382e-01
681 7.256369115863574581e-01 -5.978917848446395622e-01 -1.779281265219450903e-01
682 -3.779110276858280715e-01 8.435760651490056827e-02 5.008123738001392100e-01
683 8.546795268316571548e-01 2.926615813686377909e-01 -6.317774452654504325e-01
684 -2.335378718897308109e-02 7.153048756772156791e-01 1.263323218195636422e+00
685 -2.798407367246505961e-01 1.347985957192943784e+00 -2.795106295400092700e-01
686 -1.290088979149740744e+00 6.065135818252087585e-01 -8.361728118622349104e-01
687 -5.498990065933358207e-02 1.972873086999027414e-01 3.216620103099326333e-01
688 -9.304188970791102964e-01 -3.161628103355770270e-01 3.741465906795419794e-01
689 1.121474839098663551e-01 -1.675380286459323131e-01 4.114658256640133516e-01
690 -7.973768918025846419e-01 -6.656196013396210587e-01 5.271851321548369773e-01
691 1.949771977207552867e-02 2.582308326672668186e-01 7.566951541209138155e-01
692 4.421527683285492727e-01 6.345647842494682722e-01 1.328236763001146015e+00
693 6.672248963928965049e-01 -5.974099272642019454e-01 -7.633066809487550897e-01
694 4.752293652844827854e-01 2.023942322284765782e-01 6.333866531360278218e-01
695 3.968151630083422976e-01 -4.425057048926835934e-01 4.327152567461570176e-01
696 -1.208189455071804641e+00 -3.779132265949496361e-01 -3.732042303125205351e-01
697 -5.864229549776048822e-01 -1.024270733458066518e+00 -4.940014892067452063e-02
698 -1.842262786791439566e-01 1.568357337259654871e-01 6.648922734814385338e-01
699 7.908094358233623833e-01 -4.362347546583734137e-01 2.927515093211944808e-01
700 6.189078855603539209e-01 -2.700581488372829631e-01 8.408848755037282574e-01
701 4.574680675212609571e-01 -9.606779569358772086e-01 -5.049181910510200932e-01
702 5.975007688741995615e-01 -7.350564505110588343e-01 4.322390492620346858e-02
703 4.081004322968403430e-01 1.083694559636524168e+00 -4.285445211845527735e-01
704 -3.801296415130913653e-01 3.458787639176832407e-01 -6.217055907274557924e-01
705 5.304070446003339434e-02 9.602541974277931658e-01 2.164180901347899921e-01
706 5.080855545755557090e-01 -8.519723309295511582e-01 2.140811363057629757e-01
707 6.707895126246798956e-01 9.122169018401210527e-01 2.979248224567474998e-02
708 -4.916895151465881519e-01 4.319588910638895718e-01 -1.298059228908562956e-01
709 -9.261218287641893587e-01 -8.504806734667950119e-01 4.499285659364062329e-01
710 1.179769002209167111e-01 -9.100941882147697837e-02 3.788469626168824433e-01
711 -7.577640528679717713e-01 4.784753087345800654e-02 -4.066502562192841341e-01
712 8.831806826696739221e-02 -1.140821232760963755e-01 2.743289376788680123e-01
713 1.273313824240704939e+00 -4.878034778827991524e-01 2.225710620269354123e-01
714 2.920872041254385376e-01 -2.082941957685377488e-01 1.043307728921479161e+00
715 1.092850954376295647e+00 -6.378675889184712289e-02 1.854161553001213159e-01
716 -3.047162738630009027e-02 5.648573415455074853e-01 -2.949104320714137084e-01
717 1.091178490236272280e-01 7.911112021994778920e-02 9.863072177907629412e-02
718 -1.556767148863301919e+00 4.451906169431225080e-01 -1.743909207918542259e-01
719 -1.323129128036530655e-01 -9.525278222601464284e-01 -5.235761512572959520e-01
720 -4.596885462140834488e-01 -9.850312424063110139e-01 4.438781885549324402e-01
721 -4.721789597605230426e-02 -8.420244127399021394e-01 -1.578561001501824324e+00
722 -1.189275906618527889e+00 1.008740845608202319e+00 -6.225659967176542242e-01
723 -6.274168878320627307e-01 3.257526408174262200e-01 -2.468346122498041584e-01
724 -6.748029754959176951e-02 1.394137116207818883e+00 6.149094906127792332e-02
725 -9.601858292349533253e-01 -2.867837680100955855e-01 3.495030310961914632e-01
726 1.411915248178101212e+00 8.404176306168724686e-01 1.880156987397080259e-01
727 5.146532587642636478e-03 6.764597407925768691e-01 6.791979312566275295e-01
728 -1.290235723903925269e-01 -3.351565317191788074e-01 -6.571664482729350221e-01
729 -6.953231268601166581e-01 -5.062272385705502975e-01 -1.044679052175475353e-01
730 1.735970124464784881e-02 1.628196685885347217e-01 1.164153309056645824e+00
731 2.457700216169020901e-01 -4.147739042158339884e-01 -1.327927681139937199e+00
732 -3.900755461339786012e-01 6.996355349942643409e-01 7.035669113381136652e-01
733 3.644519655325767493e-01 3.714988832353262604e-01 2.955402068044500896e-01
734 -5.182781607007836966e-01 -2.970409404815484433e-01 -1.124963827512927228e+00
735 -6.327299025703351232e-01 -2.921709752193015208e-01 1.259269263673203687e+00
736 6.042517458763435600e-01 2.415614454249327137e-01 1.268038769883077288e+00
737 -4.806906333361417594e-01 -3.605255313371721337e-01 -3.490038560253667654e-01
738 1.182948014362349559e-01 -3.195131023301595596e-01 3.926557483492019718e-01
739 7.564448671624923737e-02 1.499556348091194979e-01 -2.661842590653421547e-01
740 3.866772988856436721e-01 4.649425140933466927e-01 -6.643514134483212707e-01
741 -1.024012606862019226e+00 3.234160298211627982e-01 -1.087393144605205836e-01
742 -3.148135090123119761e-01 -8.517536676964219122e-01 9.925667770136601398e-01
743 5.560068464070845318e-01 -2.224270239598312160e-01 -5.564204354758821580e-01
744 5.326827772338960099e-02 1.496550152419965807e+00 -2.642469658376597752e-01
745 -4.472245498789495293e-04 1.553745138159881578e-01 9.652528963188909961e-01
746 2.521203304278977764e-01 -4.183297073297979063e-01 2.046439184687346702e-01
747 -9.077282045757261164e-01 3.240471082229858246e-01 4.663493073330929883e-01
748 1.206597201925283747e+00 -1.760294604412403763e-01 4.350627112442601030e-01
749 -2.443925309004640056e-01 -1.399776571079693666e+00 -6.785995264525980231e-01
750 -1.763681973291728600e-01 -1.002933062942593934e-01 -3.229977878735118546e-01
751 -5.046701543652220012e-01 -6.859659776435025891e-02 5.109899794432868347e-01
752 2.823383392253716595e-01 -2.164727290859075615e-01 -1.108399411146868463e+00
753 4.893426571576779405e-01 -9.518114185330847632e-02 6.049467207756867859e-01
754 -4.951920320634264905e-01 4.477505075300980963e-01 -1.167746641620844850e+00
755 9.001448535116316485e-01 -1.198147149017613877e+00 3.936833714846953852e-02
756 -4.349404252753292788e-01 -4.669178315854393690e-01 -8.704636940815279056e-01
757 7.092544298607809106e-01 2.920921435554861556e-02 -7.815265299321875192e-01
758 3.880311984945912784e-01 -4.865120535019289427e-01 -9.293271630487873747e-01
759 8.208028311873867278e-01 -3.033074552024800918e-01 -2.654526916063070230e-01
760 1.881687275868272058e-01 4.192164081393164876e-01 -5.572046251592939203e-01
761 -9.262238969312707182e-01 -7.006643726379498949e-01 1.186275244622118530e+00
762 1.692721244618445198e+00 -5.582598326094352359e-01 -4.132721733660302821e-01
763 8.506249634581160013e-01 2.242322124918234294e-01 -7.249642054460806451e-01
764 -7.690544050943834975e-01 7.465175798922272232e-01 -1.938969581858010494e-01
765 6.892932856550464393e-01 6.988976315090437985e-02 -6.696716265686221414e-02
766 3.832325409290708862e-01 2.049132451464094340e-01 1.444205898145596301e+00
767 1.061469820095865407e-01 -3.358494267925252741e-01 -6.549834312467837094e-01
768 1.309696718918509743e-03 -9.325949711410498333e-01 7.517100173410808939e-01
769 4.524437522182580551e-01 4.888118779783415246e-01 -7.133593728705873716e-01
770 7.018057785246692992e-01 -8.415052008170832432e-01 4.351437714514801436e-01
771 5.410920095461517754e-01 1.773664328762367959e-01 -9.954506134345130208e-01
772 -5.306283086204280908e-01 -1.200530079799545291e+00 -2.632860655713819553e-01
773 5.619207849958277601e-01 -2.073536022758658559e-01 6.923007939607797034e-01
774 -4.110574114241555832e-01 -6.117107615536334642e-01 5.760460920741188318e-01
775 5.175325978885194633e-01 4.643571293077488477e-02 4.612385035473128281e-01
776 -1.304396404796452080e-01 -3.349233738035086727e-01 -3.342048651959787509e-01
777 1.266197641975554733e+00 3.649621058105747551e-01 -7.691540565783359096e-01
778 2.556122152932096547e-01 3.592741370866881501e-01 -3.107221041767880831e-01
779 -8.440348253219576158e-01 -7.861289007902754200e-01 1.305144200748693528e-01
780 1.170403907787751052e+00 -1.729493464933354596e-01 9.011012396192449314e-01
781 -7.434002576668378159e-01 -1.299636065524605588e-01 -8.556363597021123812e-01
782 -3.073838428162375402e-01 2.906744620162346471e-01 -2.921517967535904314e-01
783 -7.066137646098629155e-01 -8.029327448219888419e-01 9.193297419404951043e-01
784 -1.538748005614317127e-01 8.191482674037221801e-02 1.202299704025996396e+00
785 -5.669826622739875255e-01 1.114620910463125725e+00 -6.743409077856169498e-01
786 -4.115005222179046046e-02 -1.742028969680102859e-02 -5.469752045538801566e-01
787 -6.995044372576942893e-01 6.184336670318343332e-01 5.836095883217741198e-01
788 3.557461963972224361e-01 5.933998150544498307e-01 -5.415256829599118804e-01
789 6.130409181040566424e-02 -4.630280821017656590e-01 -1.186475567249837271e-01
790 -1.964855298230228434e-02 -4.529346964906291739e-01 3.888529122957409268e-01
791 4.477339912276162015e-01 7.854058175001988884e-01 -2.095894936558504729e-01
792 5.477751427185948430e-01 9.360972995939289554e-01 6.033232395847675233e-01
793 -2.707839723836552581e-01 -1.498898919990016898e+00 7.168096543589065617e-02
794 7.799605341342835674e-01 -1.499637578351518119e-01 -7.158665186312631601e-01
795 -5.719405602094297658e-02 5.296552669148835157e-01 3.942568779850848526e-01
796 2.602267357362926248e-01 2.399421644655278518e-01 6.079091925282664732e-01
797 -4.419379497345560792e-01 6.502495204734973222e-02 2.031512713225758771e-01
798 7.991886212926957445e-02 1.000134210991616035e+00 1.100577262277228519e+00
799 1.041486280768493033e+00 -9.163663639689134666e-01 -3.669828943678655753e-01
800 3.025766035244409902e-01 -6.159948148095877735e-02 -1.687971204462974106e-01
801 8.922492438600644338e-01 -7.549675546489076350e-02 -2.679330968108024624e-01
802 -7.969218072450127144e-01 7.917787904382675990e-01 -5.366872204264069302e-01
803 -1.037260408211749363e+00 -1.708730311742770347e+00 -6.338705501086027150e-01
804 -2.103237492581576107e-01 5.042363813431289393e-02 1.654251187582444771e-01
805 -6.780031922259169841e-01 -9.062946313452971969e-01 -4.127217731890324703e-01
806 -2.506176719873682845e-01 -2.956507413579735344e-01 1.419815257507406059e-01
807 -4.292513609105202965e-01 -8.792358021174463412e-01 1.417929922713501156e-01
808 4.896462683013508843e-01 -1.156817638775617385e-01 4.337591738513136286e-01
809 -1.537065841812078337e-01 1.634936590819940361e-01 6.853099196989703712e-01
810 7.245934035120041861e-01 -1.283101505024731789e-02 -6.551160095388762761e-01
811 -2.881526231843976049e-01 1.428599393669976736e-01 -7.134505031717781887e-02
812 1.330757236174523461e-01 -4.778135173748364328e-02 3.100056870092879335e-01
813 -9.096138627441515689e-01 3.094158107179900141e-01 -1.084716445401033152e-01
814 -4.511050716860861010e-01 1.094979383578360110e+00 1.155995010296585912e+00
815 3.019018830563476724e-02 6.031498714052756505e-01 3.011239605483944856e-02
816 8.900405706712237741e-01 4.359776585603657439e-01 3.279058231682923652e-01
817 -6.753143745107207385e-01 -2.854900102004861995e-01 -6.080146415140060823e-01
818 2.120849371822284835e-01 6.563925379910515723e-01 1.225817805316117948e+00
819 4.461669552923651083e-01 -2.577582928871390844e-01 -5.212400368342340329e-01
820 -8.992716553041610328e-02 -1.875408786356786150e-01 4.295949183659604764e-01
821 6.475827621715001259e-01 -7.729194867845753381e-01 -1.347075488838058277e+00
822 -5.394551672343828042e-01 -6.726689740471245016e-02 9.570799983791945520e-01
823 4.082645097036574633e-02 5.657027332756254800e-01 -2.351490321281103357e-01
824 7.109416189732720159e-01 -9.166021897716576383e-01 -1.971192307838519342e-01
825 -2.005147793278491408e-01 -1.253230545289144016e-02 1.735639478291888471e+00
826 -4.438327655469059829e-01 -2.897055974812279278e-01 9.861136669315522241e-01
827 1.587915537663233678e-01 -2.783648082900539930e-02 -6.070920121476530706e-01
828 -2.316791088917046770e-01 1.978385057260586277e-01 1.240106683454852282e-01
829 -3.543618521700481749e-01 9.713099664646716036e-01 5.057726246894125310e-01
830 -1.085589818392399507e-02 7.669311819184005952e-01 -9.075241886382197365e-02
831 -3.372175044467968785e-01 -1.961409103356673844e+00 1.563435261632060147e-01
832 -2.908295667195828771e-01 4.803115116890012692e-01 -6.726702408160201152e-02
833 1.392195991452495774e-04 1.653919036215513616e+00 1.009318320612286213e+00
834 2.078563006590236455e-03 -1.051508086963606869e+00 -1.057118294080760190e+00
835 1.148081821327468222e-01 2.911664165259330028e-01 4.928774627266585551e-01
836 -4.049333369479527489e-01 -8.392029994662310033e-01 4.395506539730147932e-01
837 4.353244022885275344e-01 1.689486387985773774e+00 9.548393861605986022e-01
838 -1.388723591510500621e-01 1.766683498349105319e+00 3.441495599861263965e-01
839 7.369397375084303370e-01 2.158384235133443407e-01 2.247212062029629864e-01
840 3.678662329986034929e-01 1.601168002246784608e-03 5.603583007338588384e-01
841 -1.093705647878504994e+00 -9.394316955770254385e-01 -4.009473145984759901e-01
842 7.117076369808795766e-01 -2.390630051009063894e-01 -3.521558159699899049e-01
843 3.795272628766856449e-01 1.305613814623843294e-02 -1.001859322641126399e-01
844 2.019087772988201746e+00 -4.828429653080811845e-01 -4.199929978454749330e-02
845 -6.127503643441458703e-01 -9.386806512342611430e-01 -1.822195509468402808e-01
846 3.026013793138745359e-03 -2.108579066595650808e-01 -3.959593324525652047e-01
847 -4.077518523147105611e-01 5.414621294219338354e-01 -4.130821467064990649e-01
848 -1.219369133756046608e+00 -6.115693886089843545e-01 -6.706395702663842107e-01
849 -1.568102157607323521e+00 -1.085727606886022656e+00 -1.097719689991521752e-01
850 9.392419190589953448e-01 1.480664521584816873e+00 -7.944552861007434519e-01
851 9.115346846085766730e-01 8.798490851977589511e-01 -6.928332401304477806e-01
852 1.028405906024042249e+00 -2.125071358653990439e-01 3.228414748540198720e-01
853 -2.380088816293662035e-01 -9.142159665906922639e-01 -2.503908329576952640e-01
854 1.219242079526177580e+00 7.975898476396257042e-01 6.005004700598552958e-01
855 -7.298596073960899044e-01 9.183517365667064336e-01 7.813854158323596533e-01
856 4.520790537572424439e-01 -9.302969971690270290e-01 8.314616576339801668e-01
857 -6.248842355373500634e-01 2.085940059139511416e+00 -2.022353275734251055e-01
858 -3.294423461844611656e-01 -2.582659806965134641e-01 6.894361224139459177e-01
859 -4.358690105632437306e-01 9.467080081784455814e-01 -6.887504391327293751e-01
860 6.128217095178811746e-01 -4.847384152972770699e-01 -7.208394503052143465e-01
861 7.913961506178378569e-01 1.062595152403392529e+00 7.277955411467520452e-01
862 1.794270616212118377e-02 -5.906628366685194864e-01 6.709364548166433240e-01
863 7.150530357819897542e-01 9.333092615146646454e-01 -8.494264721483103520e-01
864 5.973868905332707646e-01 3.819560530713432545e-02 -4.344270901986961864e-01
865 8.263050835419075701e-01 -2.750670946770930048e-01 -1.742281330377831283e+00
866 8.279161809392274751e-01 -8.079422191353767824e-01 -1.127911183856152855e+00
867 4.252682217060648195e-01 -5.191497266076645634e-01 5.795364535328139111e-01
868 -7.269804533139281877e-02 3.457985949046935015e-01 8.539690607605978645e-01
869 8.768731345080483797e-01 -1.382024652318044888e-01 -1.254185333613386133e+00
870 -6.211236585851258596e-01 -6.432279103260895026e-01 -1.924605367539675843e-02
871 2.980557253382629460e-02 -1.880274352608013178e-01 3.911795653954853180e-01
872 7.955232277152480824e-01 -2.677172982632617937e-01 2.779644796962595921e-01
873 3.571477243446758432e-01 -1.659797317322646570e-01 4.703398578106527395e-01
874 -4.503260700664745708e-01 1.114140312366086322e-01 1.669099764691748478e+00
875 3.578240113822921398e-01 -7.262759733160955022e-01 6.051848447517206298e-01
876 -1.525010612473730820e+00 -2.443719096449250422e-02 7.172324584247492529e-01
877 -1.070110604384654440e+00 8.458246603226717009e-02 1.176731219685933194e+00
878 5.867136843741102004e-01 -2.898837022274152186e-01 -3.209491465121552811e-01
879 3.371896943275176639e-02 -9.599406073635076420e-02 -1.212094347334605526e+00
880 -5.544803927079917649e-01 -1.617402180695621805e-01 -4.578701396448627003e-02
881 6.454935392582661358e-01 5.462500870114599394e-01 -1.433155520814729966e+00
882 1.890799247407118355e-01 -9.328525141721452085e-01 3.548221095150837501e-01
883 -1.004092733034332025e-01 5.442563573834470203e-01 -6.158032024670914151e-01
884 6.802438307894692615e-01 2.726857751395235230e-01 -1.358653651233671544e+00
885 8.723416983125596991e-01 1.190436944204301822e-01 -1.119579166813074456e-01
886 1.078764177181474881e+00 1.661422041649129877e+00 5.688922354175498380e-02
887 2.480543645012034670e-01 -1.756300259969941213e-01 1.664333402625619296e-01
888 -1.288226389160346486e+00 -7.613738744571617312e-02 7.657636977254772548e-01
889 7.580359237684142215e-02 7.843095690465617942e-01 6.166901792477354899e-02
890 5.148602090723952696e-01 -9.389356761446509755e-03 9.170878179143655551e-01
891 -1.434815947344397991e+00 -3.889942926516094523e-01 8.516138398937018739e-01
892 -2.767337711011816706e-02 1.548105562527030410e-01 -9.271451678890210157e-01
893 1.043690918623229047e+00 8.448417854767717450e-02 -9.935721969054436276e-01
894 -2.745373540812983681e-01 -1.619258395617841906e-01 2.347033485365995209e-01
895 6.330382258755722080e-02 3.840962687354317340e-01 -1.878304398602671232e-01
896 -4.550901105193314033e-01 -1.216202778044272803e-04 1.164933328121031231e+00
897 -2.597973936142662921e-01 4.831967706357477854e-01 8.148132415664750550e-01
898 1.038590281070062682e+00 -2.231116929584031627e-02 -1.785928076767792638e-01
899 -5.751652224453890350e-01 1.033950754352644497e+00 -3.027326134373589106e-01
900 1.019625850149459426e-03 3.884494674279061477e-01 4.115196931130663538e-01
901 -3.475487144526676619e-01 -5.253456356803976046e-01 1.011234293683531238e+00
902 1.990772420850880631e-01 -7.388917510696150215e-01 3.581600233089403118e-01
903 1.148374946080508302e-01 5.562011600015023260e-01 5.561095724503007931e-01
904 -6.133543018554079573e-01 2.281021125707399094e-02 -4.972632354294491686e-01
905 4.676225665446197555e-01 -5.795514889539785663e-01 -5.938126684974635028e-01
906 -7.959793598754697497e-01 -7.206491280129422305e-01 4.967985477062977773e-01
907 1.186236614827898217e+00 6.428027880402424621e-02 2.127636712435042599e-01
908 1.123576715831656608e-01 7.097077321865991051e-01 -5.981711945906149630e-01
909 -1.494851484239509420e-01 7.228117117634700328e-01 6.628917370240812179e-01
910 -5.484857394846264222e-01 -3.186432282695403351e-01 1.839809102804625951e-01
911 -6.654497222973240200e-01 -2.719768406259094884e-01 1.752388942918255088e+00
912 -7.405325168180921791e-01 -1.286067736650012616e+00 4.811929188688963688e-01
913 5.237854423840844209e-01 3.776777127814266999e-01 -1.334476407714705291e-02
914 -4.184736509835095819e-01 7.557335395535900169e-01 3.230058063003924534e-02
915 -3.642618285486887708e-01 -4.699165825515624340e-01 7.197085366740193502e-01
916 5.357182275833127783e-01 9.867567332313224027e-01 3.070230923201495710e-01
917 7.992817974520730756e-03 1.204512759760645979e+00 9.251072565858543539e-01
918 1.160275365067196196e+00 -6.925414979100229518e-01 7.188061891961778915e-01
919 -5.381572760847218584e-01 6.924969005138326139e-01 1.905776087113875972e-01
920 8.559574227842613459e-01 -2.546298277034648727e-01 4.596920460004063624e-01
921 1.185552722821987093e+00 1.938760869330131975e-01 1.924676504252594844e-01
922 -6.544364987093270747e-02 -6.010651559250466125e-01 -4.188146470009933564e-01
923 8.461046566936354374e-01 2.583095064948984776e-01 -2.491261784373386204e-02
924 1.051945793326054951e-01 2.781574073411061110e-01 6.974781406965858688e-01
925 -6.931994148677950163e-02 8.164956638159747149e-01 3.590532333811362609e-01
926 9.878025467451709285e-02 -1.988910730140280025e-01 -1.080472733583486555e-01
927 4.781751871220881189e-01 7.767662036136712134e-01 -7.516060969021437499e-01
928 3.143526977960447444e-01 5.142566966124080263e-01 1.500471488398617659e+00
929 2.177173694527633485e-01 3.021365330321055809e-01 -2.743499241304004910e-01
930 5.446522477731768896e-01 5.177827525349981697e-02 -2.845502324411560147e-01
931 2.598139698756924965e-01 2.310433109436106913e-01 -5.028157487174054197e-01
932 1.134925764617997039e-02 1.108102099363803134e-01 -4.688271340047528435e-01
933 2.537519796990416188e-01 -5.365995151709172795e-02 3.393364516474471348e-01
934 1.032660913897428090e+00 4.389151872545655197e-01 2.872826913583130248e-01
935 1.210777686767144035e+00 -7.801873008507234086e-01 -1.432748745106228183e-01
936 -5.446732737912134831e-02 -5.098851103113571925e-01 4.281476928902456236e-01
937 1.029042318208899937e-01 1.025226846394656777e+00 -4.558657839812225721e-01
938 -6.074530920332840145e-01 1.537055368626388252e-01 -8.064572966582443936e-01
939 -8.920323401121177387e-01 3.117702709120618865e-01 1.137415118238992995e-01
940 -3.522329023910557577e-01 -2.334981493122299245e-01 1.013313966197141452e-01
941 3.067831321174047665e-01 -6.542374097255632126e-01 1.150850588129250784e+00
942 9.861794050617016250e-02 -8.187489533531711050e-01 5.097803648399610310e-01
943 -6.732807782652172612e-02 4.678009164809660558e-01 -1.212070020196748255e+00
944 9.231144266353166761e-02 -6.714636530535699199e-01 -6.606994186595758212e-01
945 2.397682259032366814e-01 -6.174599076952578258e-01 1.131352634617748265e+00
946 -1.476419508159431127e+00 -1.848391563042308672e-01 1.218170389074197946e+00
947 7.679500116574504709e-01 -2.386430023431126424e-01 6.030663565516329871e-01
948 6.938334850176831603e-01 -2.983829185199696958e-04 4.993282320364962890e-01
949 2.081511019404741203e-01 2.211584201026464969e-01 -7.169082591213926658e-01
950 -8.061153563696295266e-02 -2.777418402874695103e-01 1.202608095845435765e-01
951 -7.105764953239573911e-01 -4.172852599023298970e-01 4.976261523006441645e-01
952 2.965767818231192510e-01 -3.013147711512006999e-01 1.227261884678367346e-02
953 1.557811629910012818e-01 -4.474529964125731341e-01 -4.351585672096031643e-01
954 -1.513740071277185351e-01 -1.378241459915416911e+00 -5.267518251155194758e-02
955 -1.317939297609373450e-01 -2.959636343456280572e-01 -5.857794576346828652e-01
956 4.195403908022529715e-01 -1.371396036192410017e+00 1.577708053572687563e-01
957 6.540650386565395324e-01 -3.714698714725115924e-01 2.360612698928363784e-01
958 -6.012840790252232948e-01 -2.427290928322399857e-02 -2.144081637892147618e-01
959 6.974586973242340171e-02 -7.515907762569469241e-01 1.533261672151464416e-01
960 6.933994108709412574e-01 1.864085161241475774e-01 -2.659396896875129146e-01
961 1.326920264561636531e-01 4.064755940814736637e-03 -1.242560020198617138e-01
962 3.056569810525843756e-01 -9.015544166257838388e-01 -5.268857919121087141e-01
963 -2.629299487073888941e-01 -1.060050576955461787e+00 -2.317920236327548622e-01
964 6.223546178618538649e-02 -5.615469809824972236e-01 4.635041953458112762e-01
965 -9.037591378902610773e-01 6.417517949294562207e-01 2.954023305968105362e-01
966 -2.696498796576589085e-01 -5.454479408259433892e-01 -1.548133529393358188e-01
967 -2.251270201332082610e-01 8.286163014733458065e-02 -1.304298157351539089e+00
968 9.852566678080093565e-01 4.600792140127570873e-01 -5.915580149107895619e-02
969 2.412516023585426495e-01 -3.254364097126578037e-01 2.879305604849846101e-01
970 4.322614938231267301e-01 2.012820593493813703e-01 8.396924110341552616e-01
971 1.382272649017560751e+00 -4.264927336960375875e-02 -2.809518463306810987e-01
972 2.173603079843375585e-01 -1.994721641916410160e-01 -2.578099162481137241e-01
973 1.475144013472290128e-01 4.328710349007768854e-01 -7.638255885704844372e-01
974 1.031548631887862166e+00 2.028371626067828615e-01 9.976031413562368444e-01
975 -1.446192884793651157e+00 -3.229898236341946505e-01 1.798990649755435045e-01
976 4.901301515504664641e-01 -1.565558001037661962e+00 -1.156500707512619242e+00
977 2.039524151379742134e-01 1.496940232448760663e-02 -1.381914928781078911e-01
978 2.969548058139980240e-01 -3.882744903779443701e-01 1.248658446303803626e-01
979 1.145865145631795867e+00 -2.398939698672167831e-01 -4.443054393944274594e-01
980 -2.052359868089319306e-01 -2.303654573852245702e-03 -7.880129577916028527e-01
981 -6.786875870928017473e-01 1.630159733303954361e+00 2.032361963277806716e-01
982 8.253430913621820908e-01 3.028320254555850327e-02 -6.977332562947151373e-02
983 -8.675093351824377796e-01 1.684274418903387360e+00 -5.640219548965124119e-01
984 -1.446098414568989465e+00 -2.022727795189594169e-01 -1.825607518028653509e-01
985 2.688482660742635977e-01 -2.306802692830107193e-01 -2.136674690013339872e-01
986 -2.953295626760223946e-01 3.002682779136028324e-01 -5.914349003789807213e-01
987 3.134706929162550115e-01 7.492548722277672102e-01 5.203449763273312323e-01
988 5.929836657346286566e-02 6.372912111263561163e-01 5.557620545870599615e-01
989 -3.605449628313722732e-01 -1.063171492850024213e+00 7.456371314369224235e-02
990 7.583442027002694485e-02 -6.091158822021411900e-01 9.304305142554708530e-01
991 -4.124230645189639333e-01 -5.654961924782764271e-01 4.679965988479898309e-01
992 1.220639631582026846e-01 -2.046420135641657256e-01 7.686955303025062858e-02
993 6.760356948917206621e-02 -2.105046263777992366e-01 -1.215841576699439736e-01
994 1.025318035847658932e-01 5.125201996157406903e-01 -8.056633008254399098e-01
995 -7.703220246771044777e-02 -1.082713568632599488e-01 -4.005292978288501615e-01
996 -8.362477048317126238e-01 2.065475843678337697e-01 1.240949827524622906e+00
997 -3.412734002921078563e-02 3.453083117117480283e-01 -3.407559745579555321e-01
998 -7.397493002676388540e-01 -1.217487825445045108e-01 -6.573327618936180006e-01
999 -4.916951015420710225e-01 1.347400491790042620e+00 4.996518652539852501e-01
1000 9.406483129059385329e-01 -4.426762091983341141e-02 2.653277438538700905e-01
