inf
inf
2.781322985625010347e+00
2.248276155534846055e+00
1.939843652438657529e+00
1.760046565652150008e+00
1.696174403670131170e+00
1.730375384193777677e+00
1.823060216615793649e+00
1.924457908107648052e+00
1.996653487348908129e+00
2.025883828474114523e+00
2.021268987638570991e+00
2.006165043591941810e+00
2.006556972097051528e+00
2.042232019225977524e+00
2.121725487876823024e+00
2.240907103023211278e+00
2.387492307564428984e+00
2.547080492390911388e+00
2.709140593971746114e+00
2.869279388950772613e+00
3.027564919215414818e+00
3.185808924493997552e+00
3.344548687537397313e+00
3.501353331383754153e+00
3.650371034635938372e+00
3.784502947740215006e+00
3.896786003812358956e+00
3.980909464576804169e+00
4.032164282618225570e+00
4.046885158692042239e+00
4.021881496856344995e+00
3.954208065051062704e+00
3.842273565005584146e+00
3.687962327632575921e+00
3.498017340349058202e+00
3.284703904418051934e+00
3.063250616313503372e+00
2.847641674777797505e+00
2.648235440876042901e+00
2.469928330831265839e+00
2.313673913568493390e+00
2.179450756860845217e+00
2.066826033895196701e+00
1.975079260357617272e+00
1.903358032232162600e+00
1.849760608290694108e+00
1.812380337773890737e+00
6.917830210643598932e+00
9.395237170930034409e+00
5.259892840949142112e+00
3.703366932126008759e+00
5.558109850588602185e+00
4.150936677228789229e+00
1.438898618255053385e+00
1.676787151420136235e+00
-3.551685805551820785e-01
1.825037009888144102e+00
2.938224278791414346e+00
-5.495327894198807073e-01
1.040334779938601351e+00
2.187879927818580761e+00
9.782711324951893772e-01
1.550401446905756764e+00
1.563046762732581030e+00
1.031715172503218980e+00
5.038952075900517968e-01
4.367615045898709525e-02
1.497749370945928860e-01
1.275764003743875108e+00
1.089102282909919950e+00
2.392308092030148714e-01
9.853456099161377324e-01
1.828521480989614645e+00
6.981173852576016969e-01
6.097390377732203604e-02
1.229377903163356933e+00
6.859414190298611658e-01
5.355292435897514025e-01
1.123460011026665484e+00
9.525571078229617683e-01
3.359747151694421063e-01
1.412131360400756819e-01
5.516360084600755442e-01
6.805723933302196826e-01
2.055153496484969367e-01
-2.159799083723612512e-02
5.154350113077263984e-01
5.137735130127936145e-01
5.759622758198332804e-01
5.131727591598611582e-01
-9.846553073537833711e-02
-1.762666709004037102e-01
3.048930028024408045e-01
6.999158525436044442e-01
6.167409155948959665e-01
4.995680552435075583e-01
5.207805901452893238e-01
6.084959394850457670e-01
5.415657479105782102e-01
-5.642117884044850484e-02
2.337380075293573611e-01
3.315555100665292798e-01
1.713501361225162611e-01
2.264308502164205095e-01
6.081187765634652465e-01
4.458114530292434097e-01
-6.349724537312084749e-02
-1.533518544767886738e-02
2.586120320727118838e-01
2.551910382653517217e-01
3.274410438763517561e-01
1.565429881571134274e-01
-1.424171165119503257e-03
2.283690579449277891e-01
-9.601492217665352769e-02
-5.083736041929398652e-02
1.082694738324754269e-01
1.352073139846403649e-01
9.932869096312302304e-02
-2.134226216649466323e-01
2.462686781485246001e-02
2.422812397737459378e-01
1.204143643113901874e-01
-4.054446201987005338e-02
5.613588354882281806e-02
3.167315792618090597e-01
-1.789710132831103806e-01
-2.717351127847571490e-01
2.585765047221144641e-02
-9.881324825158799285e-03
-5.850579257775123665e-02
1.125694584037368884e-01
2.250773133819734539e-01
-3.063012052484772596e-01
-2.102918837077538683e-02
2.496107195700822956e-01
7.230290978310449646e-02
9.421066276674494588e-02
1.085042083147023106e-01
-1.292062407812188951e-01
-3.489353174557550119e-01
1.724801751482871737e-01
1.988773576376630103e-01
-1.237818502821497191e-01
1.240026003309573355e-01
5.424871331198488633e-02
-3.209819776068094654e-01
-1.040983632593004415e-01
-9.576112420713656093e-02
-7.855777494770066482e-02
1.232965084842483350e-01
-1.440085945092093311e-01
1.215416547547327752e-01
2.745940239308453101e-01
-5.404951078889652649e-02
-4.211204365035570163e-02
3.551831064478250255e-02
6.664707494029187274e-02
-2.225790886495460086e-02
-7.419108716509015267e-02
-7.324390600332009171e-02
1.708565429362067789e-01
4.021293568318284883e-02
-2.712713154334380761e-01
1.004695321880362258e-01
-1.335128008455335191e-01
-1.950489481460095931e-01
3.627975891934021035e-01
1.704542078553465956e-01
4.582583304360809962e-02
-2.020363319267559632e-02
4.170320760729850917e-02
2.787201738737721257e-02
-3.202055606759444117e-01
1.474863129683612328e-02
3.137088280641009419e-01
-3.338016932768148592e-01
-2.180799593078575072e-01
1.629371616025103719e-01
-1.661729318851676851e-01
-1.881146381677810120e-01
