1
2
3
4
5
6
7
8
9
10
11
12
13
14
15
16
17
18
19
20
21
22
23
24
25
26
27
28
29
30
31
32
33
34
35
36
37
38
39
40
41
42
43
44
45
46
47
48
49
53
58
63
68
74
80
87
94
102
110
119
129
140
152
165
179
194
210
228
247
268
290
315
341
370
401
435
472
512
555
602
652
707
767
831
902
978
1060
1149
1246
1351
1465
1589
1723
1868
2026
2197
2382
2583
2801
3037
3293
3571
3873
4199
4553
4938
5354
5806
6295
6827
7402
8027
8704
9438
10235
11098
12034
13050
14150
15344
16639
18042
19564
21215
23005
24946
27050
29332
31807
34490
37400
40555
43977
47687
51710
56072
60803
65932
71495
77526
84067
91159
98850
107190
116233
126039
136672
148203
160706
174264
188966
204908