0.000000000000000000e+00
3.805566438062356924e-05
1.545280491505634699e-04
3.576943353568629198e-04
6.640852555217966694e-04
1.100576022675603394e-03
1.704813581612708417e-03
2.522703354968856664e-03
3.602909982465458006e-03
4.989635365831211755e-03
6.715419094995649617e-03
8.795307610540712209e-03
1.122298574941590563e-02
1.396860691154228756e-02
1.697729750194361745e-02
2.016750315864344195e-02
2.343147575921628381e-02
2.664453114127719041e-02
2.968813891405383890e-02
3.247991884641225624e-02
3.499351395097233947e-02
3.726075386276311852e-02
3.935759024083489849e-02
4.137868643446739048e-02
4.341320864324793583e-02
4.553115721773354219e-02
4.778001658887903041e-02
5.018811405246621782e-02
5.277051093632263712e-02
5.553383817725159044e-02
5.848095237822972803e-02
6.161422776136929458e-02
6.493072719177697683e-02
6.841796471309614935e-02
7.205389115140369005e-02
7.581274341300564545e-02
7.967314950582241040e-02
8.362144554247923078e-02
8.764929796027629005e-02
9.174312477601893889e-02
9.587798381078617427e-02
1.000219544489440171e-01
1.041453457367010199e-01
1.082253575191632483e-01
1.122450513984038084e-01
1.161941741810814804e-01
1.200730656321720019e-01
1.238918153116941034e-01
1.276643737782104104e-01
1.314032466113466968e-01
1.351150710510606590e-01
1.387997995328603407e-01
1.424553164005671335e-01
1.460857092352232933e-01
1.497051101267585504e-01
1.533270613064336152e-01
1.569517070427654815e-01
1.605686306751007986e-01
1.641647615231304203e-01
1.677251329571913807e-01
1.712345620077337927e-01
1.746806843724888481e-01
1.780566566579639687e-01
1.813600308058904154e-01
1.845871260464077845e-01
1.877289511597895200e-01
1.907749610878763380e-01
1.937219559943090808e-01
1.965731673419078562e-01
1.993341697724263228e-01
2.020114484140133337e-01
2.046136693201682233e-01
2.071526983302550695e-01
2.096375879545818999e-01
2.120731176432997245e-01
2.144654163176325234e-01
2.168222913789813466e-01
2.191460348371341293e-01
2.214319170040373042e-01
2.236810267070511726e-01
2.259087451653185863e-01
2.281366754918171258e-01
2.303803813911151910e-01
2.326400558908252314e-01
2.348980930455951410e-01
2.371290834479313492e-01
2.393204307034539902e-01
2.414849255067153533e-01
2.436516925992394944e-01
2.458493393155452011e-01
2.480968551337716377e-01
2.504027741655777128e-01
2.527683259346538702e-01
2.551901609440054286e-01
2.576612781199320579e-01
2.601738132308097917e-01
2.627267733968981500e-01
2.653305443369672334e-01
2.679995416213359349e-01
2.707410883737726426e-01
2.735510934564904240e-01
2.764164938980446240e-01
2.793208788586039049e-01
2.822512181640607909e-01
2.852014215153226839e-01
2.881691447484760471e-01
2.911532598356322832e-01
2.941540673981569154e-01
2.971737210456479317e-01
3.002132970865695749e-01
3.032698473063243361e-01
3.063380634383081058e-01
3.094151148191005007e-01
3.125033635765787077e-01
3.156060384276999642e-01
3.187213880616353578e-01
3.218442980086772542e-01
3.249704473039300989e-01
3.280961401163344782e-01
3.312160018717631438e-01
3.343239494938436418e-01
3.374196574246122737e-01
3.405125511583096953e-01
3.436169598409263282e-01
3.467422629295362491e-01
3.498846897571754599e-01
3.530277398388356191e-01
3.561538410680815114e-01
3.592586313000177278e-01
3.623517103905580239e-01
3.654446464997210819e-01
3.685444703085520302e-01
3.716580147578581461e-01
3.747973074593944354e-01
3.779758095595970868e-01
3.811957061111920231e-01
3.844380268099931719e-01
3.876681903747369873e-01
3.908539384051574750e-01
3.939765401677370882e-01
3.970279983508083754e-01
4.000076811454672532e-01
4.029237026274354316e-01
4.057903322038587390e-01
4.086200492157141539e-01
4.114177337395911738e-01
4.141818641611553220e-01
4.169080977185679604e-01
4.195947223449684182e-01
4.222488961478482183e-01
4.248858213827728658e-01
4.275248428987427074e-01
4.301841483030104940e-01
4.328759770117074912e-01
4.356050017823221432e-01
4.383680231322350518e-01
4.411547831518549678e-01
4.439491194481520742e-01
4.467350957193159666e-01
4.495094486270558298e-01
4.522877680478434859e-01
4.550924039624809625e-01
4.579347750035815401e-01
4.608129044196127566e-01
4.637181824660975837e-01
4.666403579988752104e-01
4.695701874735896397e-01
4.724988395918567341e-01
4.754146878205228188e-01
4.783007412547438109e-01
4.811396071180581435e-01
4.839263081146709111e-01
4.866719450457535623e-01
4.893964474754758376e-01
4.921192766890801762e-01
4.948561787895311981e-01
4.976213271815035921e-01
5.004250794454345730e-01
5.032705184749657334e-01
5.061562709351417055e-01
5.090808328250018278e-01
5.120434067646695286e-01
5.150433740151547646e-01
5.180809894898434909e-01
5.211590403069130684e-01
5.242814675274296565e-01
5.274496122695356837e-01
5.306599602064795418e-01
5.338999806378057489e-01
5.371479747313793185e-01
5.403817851218579715e-01
5.435867444199834475e-01
5.467535255822483231e-01
5.498722697092862655e-01
5.529382915761810180e-01
5.559636941131749222e-01
5.589717887769798388e-01
5.619791094112319696e-01
5.649868079824302836e-01
5.679868596458352847e-01
5.709724180598818588e-01
5.739437045151183359e-01
5.769088482477779944e-01
5.798764113555162636e-01
5.828445463811113836e-01
5.857974656815365666e-01
5.887116201409382521e-01
5.915713388536781858e-01
5.943789931070235788e-01
5.971437662537844027e-01
5.998689722394624502e-01
6.025519424525311862e-01
6.051906685591346147e-01
6.077867713880125144e-01
6.103408215145096349e-01
6.128496221316072079e-01
6.153128444595959978e-01
6.177477239727773295e-01
6.201938129824932089e-01
6.226947542983490846e-01
6.252771584899416979e-01
6.279438386091193980e-01
6.306803530650791911e-01
6.334656032231157363e-01
6.362799859387193724e-01
6.391087845774964249e-01
6.419429349974217214e-01
6.447792291924197006e-01
6.476193379087287205e-01
6.504671740890477505e-01
6.533234316434837208e-01
6.561816241604919719e-01
6.590333630822251543e-01
6.618793524035314624e-01
6.647307097876113957e-01
6.676034173701157481e-01
6.705108545645611651e-01
6.734524330814997128e-01
6.764120635713813945e-01
6.793666005770954142e-01
6.822902730207507371e-01
6.851554166092295173e-01
6.879418396624946697e-01
6.906390844371229631e-01
6.932429651634883783e-01
6.957569045325225909e-01
6.981938183235779638e-01
7.005823075760958529e-01
7.029550823864448850e-01
7.053351917151197137e-01
7.077348890012664651e-01
7.101513300319033384e-01
7.125609711591253115e-01
7.149357589482775444e-01
7.172722133432771763e-01
7.195817431235900230e-01
7.218707122344871774e-01
7.241376061141897580e-01
7.263814479497041621e-01
7.286084361093332351e-01
7.308288510801252968e-01
7.330484844274672840e-01
7.352683918696082399e-01
7.374889554951166160e-01
7.397114527738208878e-01
7.419393033974176488e-01
7.441776441081935367e-01
7.464297165086478669e-01
7.486963794592977894e-01
7.509810442099010830e-01
7.532929303165752932e-01
7.556410935673416596e-01
7.580257533134329151e-01
7.604385556412996960e-01
7.628720739609630153e-01
7.653294501410895512e-01
7.678146249879718166e-01
7.703145937000790422e-01
7.728013937127204969e-01
7.752509830621475695e-01
7.776564473509163244e-01
7.800252072600701858e-01
7.823717150794256003e-01
7.847097311763245875e-01
7.870446154423279550e-01
7.893701800078127828e-01
7.916706245295872524e-01
7.939247634308069790e-01
7.961117029025471803e-01
7.982165657638832235e-01
8.002344422784096745e-01
8.021742831581649691e-01
8.040587094127970014e-01
8.059177619242975377e-01
8.077865166982296508e-01
8.097062262575461800e-01
8.117184028712135513e-01
8.138528204107562392e-01
8.161212251245816285e-01
8.185199826511577736e-01
8.210382243439046102e-01
8.236655882376089366e-01
8.263884912034094032e-01
8.291868908752973999e-01
8.320391629054840754e-01
8.349280653927256823e-01
8.378451540806076681e-01
8.407916385524091263e-01
8.437675819770548147e-01
8.467560301117891264e-01
8.497271234749944613e-01
8.526677763620250650e-01
8.555916977885668073e-01
8.585180916598796896e-01
8.614594335067513597e-01
8.644167594929718090e-01
8.673791612800234585e-01
8.703286242721118837e-01
8.732458484348485372e-01
8.761148730433637732e-01
8.789259944667220381e-01
8.816734814984680257e-01
8.843524155481730098e-01
8.869628213376867798e-01
8.895151594648060822e-01
8.920292348143752381e-01
8.945309003095126554e-01
8.970487675496996438e-01
8.996101586934623917e-01
9.022344910651327599e-01
9.049193623469038439e-01
9.076377187791693224e-01
9.103808145251180983e-01
9.131650422503310160e-01
9.160112004209208791e-01
9.189488467130658700e-01
9.220109965422380593e-01
9.252198505276012508e-01
9.285786291115181168e-01
9.320734323380581721e-01
9.356832050808423507e-01
9.393914182779442568e-01
9.431727016837828659e-01
9.469784166653230084e-01
9.507422916687281456e-01
9.543903034237581906e-01
9.578606886906901874e-01
9.611120360074346669e-01
9.641173368077272654e-01
9.668698244423322707e-01
9.693925749850466067e-01
9.717316295289768480e-01
9.739398061114477034e-01
9.760653302563889744e-01
9.781538887770052648e-01
9.802533807430482415e-01
9.824063289352021888e-01
9.846422255383329158e-01
9.869805212420824647e-01
9.894360987088463011e-01
9.920194346094326487e-01
9.947362392547882681e-01
9.975881315063660493e-01
1.000569897888054172e+00
1.003667928234581286e+00
1.006865126336968785e+00
1.010146184022242544e+00
1.013496630927203768e+00
1.016899541677386942e+00
1.020335576784261011e+00
1.023786176869939446e+00
1.027233177759791838e+00
1.030654794644115801e+00
1.034032266692558766e+00
1.037356081825294263e+00
1.040620396113018487e+00
1.043824150101595460e+00
1.046972242096769756e+00
1.050070817078708529e+00
1.053122512547921774e+00
1.056123704469912772e+00
1.059070629639517591e+00
1.061972541284179616e+00
1.064851922988068411e+00
1.067732997263435291e+00
1.070638466494932661e+00
1.073592460597844189e+00
1.076617127089005033e+00
1.079722582116964924e+00
1.082900884470772374e+00
1.086128029431359332e+00
1.089372555901092054e+00
1.092607825125409882e+00
1.095816432190643397e+00
1.098983854408405403e+00
1.102097727690453111e+00
1.105155441408902650e+00
1.108163670071588225e+00
1.111128385471190638e+00
1.114048616349987197e+00
1.116923362666473851e+00
1.119759467134915587e+00
1.122571724560757156e+00
1.125376540804631897e+00
1.128179576465152323e+00
1.130973538217099339e+00
1.133747367787720561e+00
1.136495925503411053e+00
1.139227256090104223e+00
1.141961024369271938e+00
1.144715737329865535e+00
1.147488653117441970e+00
1.150253828579191229e+00
1.152979881372718785e+00
1.155641982010729762e+00
1.158224182760722254e+00
1.160718414872465187e+00
1.163126626834330990e+00
1.165457350015457472e+00
1.167717283653394222e+00
1.169910545233726618e+00
1.172043194954745182e+00
1.174126934618414442e+00
1.176178218088562710e+00
1.178211510388231131e+00
1.180230705870707775e+00
1.182226429989515104e+00
1.184183546644183904e+00
1.186090745463206364e+00
1.187942789866483828e+00
1.189737767799965651e+00
1.191476507281965524e+00
1.193169011072064301e+00
1.194842710915386741e+00
1.196538996996862725e+00
1.198305769004623045e+00
1.200189936338878605e+00
1.202224279401474138e+00
1.204418761490795076e+00
1.206760649484845072e+00
1.209224206469426965e+00
1.211788006444228794e+00
1.214443651472411512e+00
1.217185701569338807e+00
1.220003084056280329e+00
1.222885827822587590e+00
1.225828202907163433e+00
1.228810464123760493e+00
1.231793019775860643e+00
1.234738945691959966e+00
1.237627581989759085e+00
1.240445819574559572e+00
1.243183301096460580e+00
1.245834530828832554e+00
1.248400256670410657e+00
1.250886268956160396e+00
1.253299611715624984e+00
1.255645066229011730e+00
1.257929448208736201e+00
1.260172735182863546e+00
1.262408122151499779e+00
1.264669133544521484e+00
1.266975281982674062e+00
1.269326387381728205e+00
1.271712146086801054e+00
1.274124593605209244e+00
1.276567734239930640e+00
1.279057648201403108e+00
1.281610223141422367e+00
1.284235761275716037e+00
1.286945639428104693e+00
1.289756026930747312e+00
1.292680335682423021e+00
1.295719739727696940e+00
1.298861443894045786e+00
1.302084166732311532e+00
1.305366478331445812e+00
1.308689877202568130e+00
1.312030857630201108e+00
1.315355430506851331e+00
1.318631082473353811e+00
1.321842401664783173e+00
1.324993655341785592e+00
1.328098000025584202e+00
1.331165060034593450e+00
1.334202754254742995e+00
1.337225857439513499e+00
1.340255657671671319e+00
1.343315802272680104e+00
1.346430234792652225e+00
1.349620629985435416e+00
1.352904073452656730e+00
1.356292901861266831e+00
1.359794032036615086e+00
1.363407934260523646e+00
1.367131174135111538e+00
1.370959233989771819e+00
1.374883978391080452e+00
1.378892843355401965e+00
1.382972631097419303e+00
1.387105108338698267e+00
1.391251342931523638e+00
1.395351653112799850e+00
1.399344912306329070e+00
1.403188554911722452e+00
1.406862723793318004e+00
1.410369016267528641e+00
1.413736096962739719e+00
1.417015401302801569e+00
1.420260522315689222e+00
1.423507018843554794e+00
1.426763420337586963e+00
1.430009062444608903e+00
1.433203092036591242e+00
1.436304543010678669e+00
1.439284451002906806e+00
1.442127097254525925e+00
1.444839574730684140e+00
1.447463233522090276e+00
1.450060299315647727e+00
1.452692047251606500e+00
1.455409819695515639e+00
1.458251506168183109e+00
1.461235155083601578e+00
1.464355570969854803e+00
1.467591071268247171e+00
1.470921975342338150e+00
1.474345764992523344e+00
1.477870460342063375e+00
1.481491222773194893e+00
1.485189408291068824e+00
1.488942555773908882e+00
1.492724257487885176e+00
1.496497242182116771e+00
1.500210711947489006e+00
1.503806134440746956e+00
1.507234924220506755e+00
1.510482541880143970e+00
1.513573002643077370e+00
1.516550090885290913e+00
1.519461775055934494e+00
1.522357438451851452e+00
1.525283597197662377e+00
1.528273262441891323e+00
1.531342961822674154e+00
1.534498361661648991e+00
1.537737197946699386e+00
1.541050825983795391e+00
1.544431400395646081e+00
1.547882655195392587e+00
1.551419785203722812e+00
1.555055462037568725e+00
1.558784075816771475e+00
1.562578176545033282e+00
1.566393683197737641e+00
1.570180999920568921e+00
1.573908830593649055e+00
1.577568829971403908e+00
1.581161180102333752e+00
1.584690263893570039e+00
1.588161201115660282e+00
1.591566047866058931e+00
1.594882507872826150e+00
1.598097627751622563e+00
1.601218006122785198e+00
1.604256568165341568e+00
1.607223450540275378e+00
1.610125130313682318e+00
1.612967882536749054e+00
1.615758681408817621e+00
1.618504438613293850e+00
1.621203688509828211e+00
1.623845453187415355e+00
1.626419796941835916e+00
1.628931075526472094e+00
1.631407707346598901e+00
1.633894734514731217e+00
1.636433140386083673e+00
1.639044638491207406e+00
1.641731350803310674e+00
1.644487146269927536e+00
1.647308675424710600e+00
1.650188491676585212e+00
1.653095959661146086e+00
1.655980078726429827e+00
1.658786831668600081e+00
1.661473465893731793e+00
1.664012751776116517e+00
1.666390696519082670e+00
1.668601435674744060e+00
1.670644976792740266e+00
1.672533357229999407e+00
1.674291446375554271e+00
1.675947006975561537e+00
1.677522326405146424e+00
1.679033795836005538e+00
1.680493815513229849e+00
1.681908758615978883e+00
1.683271660251782542e+00
1.684555116937461738e+00
1.685722545273656392e+00
1.686755832333100003e+00
1.687672660850568995e+00
1.688517870246649677e+00
1.689339413686817837e+00
1.690175111646428752e+00
1.691056458010902208e+00
1.692012986330173163e+00
1.693066673782048559e+00
1.694226433609221649e+00
1.695486688077503912e+00
1.696822162970403447e+00
1.698187074892278714e+00
1.699530473275809417e+00
1.700815172815154819e+00
1.702029672141419425e+00
1.703194770304176542e+00
1.704358905846990124e+00
1.705576894477965233e+00
1.706885695201675768e+00
1.708290086235147109e+00
1.709765127229077697e+00
1.711276313449723974e+00
1.712802805474946233e+00
1.714346567067047467e+00
1.715927212883815223e+00
1.717568951755998219e+00
1.719283206566936339e+00
1.721061332630749785e+00
1.722886335095858534e+00
1.724748225858641293e+00
1.726649842618801722e+00
1.728596438333811935e+00
1.730580830749456789e+00
1.732587917684224488e+00
1.734610054105471200e+00
1.736648649366906660e+00
1.738703545824428653e+00
1.740765446534667582e+00
1.742817927678243839e+00
1.744848119598287672e+00
1.746858894525125550e+00
1.748871279413215296e+00
1.750916275371975805e+00
1.753022159363728738e+00
1.755201232188907001e+00
1.757444547179220606e+00
1.759733542094118697e+00
1.762057859191568987e+00
1.764418019186695830e+00
1.766816721128340095e+00
1.769260821758426472e+00
1.771770373422664413e+00
1.774371626184908513e+00
1.777079120276757074e+00
1.779882964375229637e+00
1.782750504354268184e+00
1.785642445250795296e+00
1.788528113079801196e+00
1.791390640896640907e+00
1.794227713937712076e+00
1.797038124180419860e+00
1.799811750001326427e+00
1.802540178518605929e+00
1.805218696092420805e+00
1.807840019198090564e+00
1.810399274934060942e+00
1.812888033004318444e+00
1.815281517817393331e+00
1.817545615074464882e+00
1.819651971177214778e+00
1.821582371630897645e+00
1.823326007536776761e+00
1.824882534573005977e+00
1.826268138779304939e+00
1.827513095216797945e+00
1.828651644524169395e+00
1.829713194033437240e+00
1.830719991057579765e+00
1.831690013466577005e+00
1.832641882534197020e+00
1.833597163028188426e+00
1.834583632745603765e+00
1.835632686113185974e+00
1.836770950887578691e+00
1.838013142332923566e+00
1.839356940317103284e+00
1.840786381948320560e+00
1.842284878772801449e+00
1.843852103592093394e+00
1.845509458095452304e+00
1.847287738414596259e+00
1.849208385766995422e+00
1.851275415901412646e+00
1.853480752255462827e+00
1.855812421400634848e+00
1.858263092387319793e+00
1.860837261143678090e+00
1.863546138344255976e+00
1.866396391980676972e+00
1.869386282665440824e+00
1.872507368135511996e+00
1.875746789224867150e+00
1.879080767404611940e+00
1.882462363937044358e+00
1.885825405248790609e+00
1.889104903088040688e+00
1.892258235677691136e+00
1.895276456493842243e+00
1.898185230653862687e+00
1.901032397951886832e+00
1.903867113871527961e+00
1.906721129755992949e+00
1.909588547028595817e+00
1.912428395028996642e+00
1.915184522741939510e+00
1.917804196921768733e+00
1.920255972722608062e+00
1.922532417198174803e+00
1.924638263079190059e+00
1.926581992608072502e+00
1.928371448668586341e+00
1.930015511789917815e+00
1.931538805877259790e+00
1.933001301175917952e+00
1.934498124935238650e+00
1.936129793777477959e+00
1.937974310519829269e+00
1.940076399920493744e+00
1.942450959444409264e+00
1.945095643971690658e+00
1.948008452522408840e+00
1.951199906268401785e+00
1.954691944051602848e+00
1.958501054371919015e+00
1.962618950628782555e+00
1.967006270307143145e+00
1.971599099662665777e+00
1.976318209638417756e+00
1.981082639532893097e+00
1.985817541018387811e+00
1.990454278711251801e+00
1.994939240953976345e+00
1.999244928619064554e+00
2.003371768508670048e+00
2.007341649246503046e+00
2.011189046137610514e+00
2.014945136382502611e+00
2.018623390114298033e+00
2.022223438219402869e+00
2.025741519348648101e+00
2.029176242080539261e+00
2.032535438596934529e+00
2.035837277809008583e+00
2.039111461501352807e+00
2.042406666572185614e+00
2.045786643533784144e+00
2.049315908524002250e+00
2.053048240937370039e+00
2.057029515040059930e+00
2.061300477984393087e+00
2.065888627094199403e+00
2.070800659256670340e+00
2.076020344361857006e+00
2.081505866993514697e+00
2.087190034339141409e+00
2.092990627975466644e+00
2.098826675488972171e+00
2.104624378148406194e+00
2.110310313012156325e+00
2.115810223559252190e+00
2.121058750867116149e+00
2.126005685340049300e+00
2.130616911908379763e+00
2.134877590892503729e+00
2.138800456769210268e+00
2.142433104814309264e+00
2.145841904224373931e+00
2.149085538658036754e+00
2.152209243314110676e+00
2.155256936302212711e+00
2.158277984754239487e+00
2.161322036029476035e+00
2.164429227408560141e+00
2.167616344311320997e+00
2.170876325873057677e+00
2.174197397825757605e+00
2.177578862645360491e+00
2.181027925965328240e+00
2.184542134424787285e+00
2.188095334066217035e+00
2.191646373383385082e+00
2.195162527988968382e+00
2.198633183500641852e+00
2.202058975620844183e+00
2.205437546516202829e+00
2.208766607902703516e+00
2.212050983537023452e+00
2.215304930480088252e+00
2.218552562744033008e+00
2.221822242714345919e+00
2.225138858134287023e+00
2.228519698560102125e+00
2.231966818616340831e+00
2.235464466116722893e+00
2.238984751312329102e+00
2.242498424874087792e+00
2.245989929446825961e+00
2.249460385124877781e+00
2.252914716031692688e+00
2.256356340166655094e+00
2.259789473374783420e+00
2.263219348126604746e+00
2.266647107061638966e+00
2.270067718280266433e+00
2.273480038024537464e+00
2.276894096178961657e+00
2.280331922968337643e+00
2.283825509383330399e+00
2.287407382343841000e+00
2.291093635333774081e+00
2.294879759995174240e+00
2.298748865895770876e+00
2.302672872967310713e+00
2.306608682766833951e+00
2.310504997720407072e+00
2.314318163307333975e+00
2.318021630941288880e+00
2.321604442778328448e+00
2.325061849557864768e+00
2.328386275684561912e+00
2.331569539846133576e+00
2.334612895411810385e+00
2.337534322751058546e+00
2.340365894533402269e+00
2.343137760699583794e+00
2.345857096333488379e+00
2.348493944932380728e+00
2.350990628202544119e+00
2.353292024044499886e+00
2.355379842240557409e+00
2.357292759043273289e+00
2.359103156920898670e+00
2.360883163534383211e+00
2.362694228718229983e+00
2.364585403040144307e+00
2.366594233531619462e+00
2.368749625958391114e+00
2.371073284316611574e+00
2.373573133989049122e+00
2.376232421493371660e+00
2.379008280451589741e+00
2.381844211306962222e+00
2.384684657488370441e+00
2.387481061774419544e+00
2.390190617420524966e+00
2.392785449348344695e+00
2.395270205605967817e+00
2.397683420920412534e+00
2.400078576166366329e+00
2.402503812125831750e+00
2.404991663449267847e+00
2.407560979752968677e+00
2.410218052982837644e+00
2.412956415977792979e+00
2.415755958027916872e+00
2.418584574445925117e+00
2.421405816317605098e+00
2.424182333333408046e+00
2.426878987831266432e+00
2.429478993336432691e+00
2.431990936170195017e+00
2.434430561100668466e+00
2.436811696825298856e+00
2.439158911221433801e+00
2.441518605788942420e+00
2.443951354853668434e+00
2.446511141375156573e+00
2.449227719692558480e+00
2.452102661840815934e+00
2.455117920038129231e+00
2.458245087993473188e+00
2.461447211164613513e+00
2.464679825766238785e+00
2.467897211386842926e+00
2.471056186799602816e+00
2.474117765812725356e+00
2.477051738745045473e+00
2.479836343632770834e+00
2.482448465033832541e+00
2.484861827407512269e+00
2.487071562015875426e+00
2.489108427541896873e+00
2.491017861774249553e+00
2.492838982509721024e+00
2.494598916247071418e+00
2.496315856050503434e+00
2.498003313049952379e+00
2.499675964279363338e+00
2.501359313184257971e+00
2.503097195643736672e+00
2.504944476284947097e+00
2.506950743776983348e+00
2.509147482180141164e+00
2.511538558615951100e+00
2.514101476128221435e+00
2.516802911835310574e+00
2.519619568943664678e+00
2.522545501611544783e+00
2.525582647478353149e+00
2.528728884825972134e+00
2.531968580414325043e+00
2.535273454746787003e+00
2.538615246871107622e+00
2.541963489147591737e+00
2.545276154909082766e+00
2.548512932764655847e+00
2.551652132937882289e+00
2.554687129320541317e+00
2.557614773280935783e+00
2.560434153363443599e+00
2.563152577515638963e+00
2.565788838563655361e+00
2.568369020097871491e+00
2.570918995629561721e+00
2.573466716098545604e+00
2.576048950150382488e+00
2.578702114193482053e+00
2.581448824938497477e+00
2.584298716700194287e+00
2.587255168911803516e+00
2.590311247517568916e+00
2.593440170420652890e+00
2.596598438778384921e+00
2.599737712707415938e+00
2.602813051418301438e+00
2.605781168696071681e+00
2.608602572998003133e+00
2.611244100717670324e+00
2.613671252528071420e+00
2.615848495067086166e+00
2.617755689375203421e+00
2.619404589664782179e+00
2.620843982527573335e+00
2.622157093003646633e+00
2.623444163250097994e+00
2.624794398222544345e+00
2.626267799644419032e+00
2.627887377715680373e+00
2.629641486550105434e+00
2.631501985620659845e+00
2.633448297255103210e+00
2.635473395269953389e+00
2.637570571233938566e+00
2.639719729257335779e+00
2.641885638455661933e+00
2.644028068274120624e+00
2.646120932598686970e+00
2.648164000894726922e+00
2.650179678816504847e+00
2.652205875718284034e+00
2.654286989780857642e+00
2.656455820100697807e+00
2.658714531437149198e+00
2.661043808656553544e+00
2.663429792781552674e+00
2.665875187443297101e+00
2.668387468671500784e+00
2.670967710067690959e+00
2.673608913462769188e+00
2.676297806169755766e+00
2.679015711945985423e+00
2.681739661694402255e+00
2.684443367270043623e+00
2.687092877116558309e+00
2.689648529219104578e+00
2.692073450257220557e+00
2.694343080980992511e+00
2.696464219947495522e+00
2.698486639427301270e+00
2.700487338028536133e+00
2.702538409324853230e+00
2.704683302263176436e+00
2.706934014242688757e+00
2.709282814093063596e+00
2.711714190320172690e+00
2.714209516396208333e+00
2.716754110773484499e+00
2.719346525862328612e+00
2.722000274808416886e+00
2.724731531160945242e+00
2.727540228580108916e+00
2.730410729610822429e+00
2.733335507804182107e+00
2.736323273275977908e+00
2.739385116625830285e+00
2.742517818594579548e+00
2.745697273072244649e+00
2.748881405851608672e+00
2.752023696181955970e+00
2.755084935350844422e+00
