0.000000000000000000e+00
0.000000000000000000e+00
0.000000000000000000e+00
0.000000000000000000e+00
0.000000000000000000e+00
0.000000000000000000e+00
0.000000000000000000e+00
0.000000000000000000e+00
0.000000000000000000e+00
0.000000000000000000e+00
2.990999999999965942e-06
3.983999999999987606e-06
1.767600000000002524e-05
4.206399999999998893e-05
8.759099999999996825e-05
1.253910000000000332e-04
1.623839999999999821e-04
1.928790000000000214e-04
2.154039999999999861e-04
2.274999999999999733e-04
2.336159999999999940e-04
2.407839999999999904e-04
2.437589999999999950e-04
2.447749999999999974e-04
2.457850000012500000e-04
2.457499999999999900e-04
2.450000000000000052e-04
2.443239999999999866e-04
2.429749999999999966e-04
2.393750000000000176e-04
2.361640000000000105e-04
2.331189999999999880e-04
2.275760000000000175e-04
2.218959999999999770e-04
2.161000000000000075e-04
2.088999999999999680e-04
2.021509999999999823e-04
1.970390000000000217e-04
1.849749999999999963e-04
1.814959999999999979e-04
1.763559999999999760e-04
1.720999999999999951e-04
1.660390000000000001e-04
1.597359999999999894e-04
1.537960000000000023e-04
1.507510000000000068e-04
1.482790000000000075e-04
1.438760000000000159e-04
1.380710000000000131e-04
1.300789999999999988e-04
1.273510000000000073e-04
1.266640000000000052e-04
1.217990000000000035e-04
1.182639999999999908e-04
1.088389999999999921e-04
1.058710000000000029e-04
1.066160000000000101e-04
1.021160000000000092e-04
9.907599999999999760e-05
9.367900000000000846e-05
9.055099999999999369e-05
8.818399999999999416e-05
8.419899999999999758e-05
8.097499999999998915e-05
8.259100000000000891e-05
8.016399999999999979e-05
7.935099999999999250e-05
8.189999999999999852e-05
8.597499999999998915e-05
8.271900000000000541e-05
8.271900000000000541e-05
8.189999999999999852e-05
8.271900000000000541e-05
8.189999999999999852e-05
8.353599999999999437e-05
8.107900000000000079e-05
7.443900000000001015e-05
7.443900000000001015e-05
7.527600000000001586e-05
7.527600000000001586e-05
7.611100000000000363e-05
7.694400000000000057e-05
7.360000000000000006e-05
8.107900000000000079e-05
8.271900000000000541e-05
7.943100000000000572e-05
7.694400000000000057e-05
7.527600000000001586e-05
7.611100000000000363e-05
7.694400000000000057e-05
7.777500000000000667e-05
7.777500000000000667e-05
7.527600000000001586e-05
7.360000000000000006e-05
7.443900000000001015e-05
7.360000000000000006e-05
7.443900000000001015e-05
7.777500000000000667e-05
7.777500000000000667e-05
7.527600000000001586e-05
7.360000000000000006e-05
7.443900000000001015e-05
7.191599999999999382e-05
7.107099999999999767e-05
6.937499999999999223e-05
7.022399999999999714e-05
7.443900000000001015e-05
7.443900000000001015e-05
7.611100000000000363e-05
7.275899999999999913e-05
7.694400000000000057e-05
7.527600000000001586e-05
7.022399999999999714e-05
6.767099999999999635e-05
6.423900000000000617e-05
6.595899999999999647e-05
6.251099999999999832e-05
6.251099999999999832e-05
6.337599999999999766e-05
6.681600000000000538e-05
6.423900000000000617e-05
6.077500000000000003e-05
6.164400000000000814e-05
5.903099999999999775e-05
5.903099999999999775e-05
5.990400000000000108e-05
5.727899999999999826e-05
5.727899999999999826e-05
5.990400000000000108e-05
5.903099999999999775e-05
6.077500000000000003e-05
6.077500000000000003e-05
5.903099999999999775e-05
6.164400000000000814e-05
6.510000000000001029e-05
6.164400000000000814e-05
6.077500000000000003e-05
5.990400000000000108e-05
5.815599999999999681e-05
5.463600000000000341e-05
5.019100000000000108e-05
5.375100000000000087e-05
5.375100000000000087e-05
5.108400000000000083e-05
5.108400000000000083e-05
5.019100000000000108e-05
5.286400000000000072e-05
5.286400000000000072e-05
5.108400000000000083e-05
4.839899999999999519e-05
4.839899999999999519e-05
4.569599999999999753e-05
4.569599999999999753e-05
4.839899999999999519e-05
4.839899999999999519e-05
4.659899999999999887e-05
4.569599999999999753e-05
4.569599999999999753e-05
4.750000000000000262e-05
4.479099999999999857e-05
4.388400000000000200e-05
4.297500000000000105e-05
3.840000000000000504e-05
3.655600000000000033e-05
3.931900000000000081e-05
3.931900000000000081e-05
3.931900000000000081e-05
3.747899999999999810e-05
3.655600000000000033e-05
3.747899999999999810e-05
3.655600000000000033e-05
3.470399999999999841e-05
3.470399999999999841e-05
3.563099999999999818e-05
3.563099999999999818e-05
3.840000000000000504e-05
3.931900000000000081e-05
3.931900000000000081e-05
3.931900000000000081e-05
4.115099999999999954e-05
4.023599999999999898e-05
4.023599999999999898e-05
4.023599999999999898e-05
3.747899999999999810e-05
3.470399999999999841e-05
3.284400000000000606e-05
3.097600000000000294e-05
3.284400000000000606e-05
3.003899999999999818e-05
3.191099999999999991e-05
3.097600000000000294e-05
3.003899999999999818e-05
2.815899999999999924e-05
2.815899999999999924e-05
2.909999999999999582e-05
2.532400000000000013e-05
2.721600000000000167e-05
3.003899999999999818e-05
3.003899999999999818e-05
2.815899999999999924e-05
3.097600000000000294e-05
3.191099999999999991e-05
3.377500000000000782e-05
3.284400000000000606e-05
3.470399999999999841e-05
3.377500000000000782e-05
3.284400000000000606e-05
3.191099999999999991e-05
3.191099999999999991e-05
3.003899999999999818e-05
3.003899999999999818e-05
2.721600000000000167e-05
2.815899999999999924e-05
2.815899999999999924e-05
2.909999999999999582e-05
2.815899999999999924e-05
2.815899999999999924e-05
2.815899999999999924e-05
2.532400000000000013e-05
2.437499999999999956e-05
2.342400000000000138e-05
2.247099999999999881e-05
2.342400000000000138e-05
2.247099999999999881e-05
2.247099999999999881e-05
2.532400000000000013e-05
2.532400000000000013e-05
2.815899999999999924e-05
2.721600000000000167e-05
2.627099999999999970e-05
2.721600000000000167e-05
2.909999999999999582e-05
2.909999999999999582e-05
2.815899999999999924e-05
2.532400000000000013e-05
2.437499999999999956e-05
2.437499999999999956e-05
2.342400000000000138e-05
2.342400000000000138e-05
2.151600000000000203e-05
2.342400000000000138e-05
2.342400000000000138e-05
2.532400000000000013e-05
2.342400000000000138e-05
2.342400000000000138e-05
2.055900000000000086e-05
2.055900000000000086e-05
1.767599999999999814e-05
1.574400000000000037e-05
1.767599999999999814e-05
1.574400000000000037e-05
1.767599999999999814e-05
1.767599999999999814e-05
2.151600000000000203e-05
2.247099999999999881e-05
2.342400000000000138e-05
2.342400000000000138e-05
2.342400000000000138e-05
2.055900000000000086e-05
2.055900000000000086e-05
1.959999999999999869e-05
1.959999999999999869e-05
1.959999999999999869e-05
1.959999999999999869e-05
1.767599999999999814e-05
1.767599999999999814e-05
1.863899999999999891e-05
1.767599999999999814e-05
1.767599999999999814e-05
1.477499999999999999e-05
1.574400000000000037e-05
1.574400000000000037e-05
1.574400000000000037e-05
1.477499999999999999e-05
1.477499999999999999e-05
1.477499999999999999e-05
1.380400000000000031e-05
1.477499999999999999e-05
1.574400000000000037e-05
1.574400000000000037e-05
1.477499999999999999e-05
1.767599999999999814e-05
1.863899999999999891e-05
1.959999999999999869e-05
1.863899999999999891e-05
2.055900000000000086e-05
2.055900000000000086e-05
1.863899999999999891e-05
1.574400000000000037e-05
1.671099999999999975e-05
1.767599999999999814e-05
1.767599999999999814e-05
1.671099999999999975e-05
1.574400000000000037e-05
1.671099999999999975e-05
1.574400000000000037e-05
1.380400000000000031e-05
1.380400000000000031e-05
1.283099999999999794e-05
1.185599999999999965e-05
1.185599999999999965e-05
1.283099999999999794e-05
1.477499999999999999e-05
1.380400000000000031e-05
1.574400000000000037e-05
1.574400000000000037e-05
1.767599999999999814e-05
1.477499999999999999e-05
1.380400000000000031e-05
1.380400000000000031e-05
1.380400000000000031e-05
1.380400000000000031e-05
1.283099999999999794e-05
1.283099999999999794e-05
9.900000000000000081e-06
9.900000000000000081e-06
8.919000000000000495e-06
8.919000000000000495e-06
9.900000000000000081e-06
9.900000000000000081e-06
1.185599999999999965e-05
1.185599999999999965e-05
1.283099999999999794e-05
1.477499999999999999e-05
1.380400000000000031e-05
1.380400000000000031e-05
1.380400000000000031e-05
1.477499999999999999e-05
1.283099999999999794e-05
1.283099999999999794e-05
1.283099999999999794e-05
1.283099999999999794e-05
1.380400000000000031e-05
1.283099999999999794e-05
1.087900000000000036e-05
9.900000000000000081e-06
8.919000000000000495e-06
6.951000000000000025e-06
5.964000000000000835e-06
5.964000000000000835e-06
5.964000000000000835e-06
5.964000000000000835e-06
6.951000000000000025e-06
6.951000000000000025e-06
6.951000000000000025e-06
7.935999999999999912e-06
7.935999999999999912e-06
8.919000000000000495e-06
1.087900000000000036e-05
1.185599999999999965e-05
1.185599999999999965e-05
1.185599999999999965e-05
1.283099999999999794e-05
1.185599999999999965e-05
1.185599999999999965e-05
1.185599999999999965e-05
1.185599999999999965e-05
1.283099999999999794e-05
1.087900000000000036e-05
9.900000000000000081e-06
1.087900000000000036e-05
1.087900000000000036e-05
1.087900000000000036e-05
1.087900000000000036e-05
1.185599999999999965e-05
1.380400000000000031e-05
1.380400000000000031e-05
1.380400000000000031e-05
1.283099999999999794e-05
1.185599999999999965e-05
1.185599999999999965e-05
1.185599999999999965e-05
8.919000000000000495e-06
6.951000000000000025e-06
7.935999999999999912e-06
6.951000000000000025e-06
6.951000000000000025e-06
6.951000000000000025e-06
7.935999999999999912e-06
7.935999999999999912e-06
6.951000000000000025e-06
7.935999999999999912e-06
8.919000000000000495e-06
8.919000000000000495e-06
8.919000000000000495e-06
8.919000000000000495e-06
9.900000000000000081e-06
9.900000000000000081e-06
1.185599999999999965e-05
1.380400000000000031e-05
1.380400000000000031e-05
1.380400000000000031e-05
1.380400000000000031e-05
1.283099999999999794e-05
1.283099999999999794e-05
1.283099999999999794e-05
1.185599999999999965e-05
1.283099999999999794e-05
1.283099999999999794e-05
1.283099999999999794e-05
1.283099999999999794e-05
1.185599999999999965e-05
1.185599999999999965e-05
1.087900000000000036e-05
1.087900000000000036e-05
9.900000000000000081e-06
9.900000000000000081e-06
8.919000000000000495e-06
8.919000000000000495e-06
8.919000000000000495e-06
7.935999999999999912e-06
7.935999999999999912e-06
6.951000000000000025e-06
6.951000000000000025e-06
6.951000000000000025e-06
7.935999999999999912e-06
9.900000000000000081e-06
9.900000000000000081e-06
9.900000000000000081e-06
9.900000000000000081e-06
9.900000000000000081e-06
1.087900000000000036e-05
9.900000000000000081e-06
8.919000000000000495e-06
8.919000000000000495e-06
9.900000000000000081e-06
1.185599999999999965e-05
1.185599999999999965e-05
1.185599999999999965e-05
1.380400000000000031e-05
1.283099999999999794e-05
1.380400000000000031e-05
1.380400000000000031e-05
1.283099999999999794e-05
9.900000000000000081e-06
9.900000000000000081e-06
9.900000000000000081e-06
1.087900000000000036e-05
1.087900000000000036e-05
1.087900000000000036e-05
1.087900000000000036e-05
9.900000000000000081e-06
8.919000000000000495e-06
6.951000000000000025e-06
8.919000000000000495e-06
9.900000000000000081e-06
9.900000000000000081e-06
9.900000000000000081e-06
9.900000000000000081e-06
1.087900000000000036e-05
1.185599999999999965e-05
9.900000000000000081e-06
9.900000000000000081e-06
8.919000000000000495e-06
8.919000000000000495e-06
6.951000000000000025e-06
7.935999999999999912e-06
8.919000000000000495e-06
9.900000000000000081e-06
9.900000000000000081e-06
9.900000000000000081e-06
1.087900000000000036e-05
1.087900000000000036e-05
1.185599999999999965e-05
1.087900000000000036e-05
1.087900000000000036e-05
8.919000000000000495e-06
8.919000000000000495e-06
9.900000000000000081e-06
9.900000000000000081e-06
8.919000000000000495e-06
9.900000000000000081e-06
9.900000000000000081e-06
9.900000000000000081e-06
8.919000000000000495e-06
7.935999999999999912e-06
9.900000000000000081e-06
9.900000000000000081e-06
7.935999999999999912e-06
6.951000000000000025e-06
7.935999999999999912e-06
6.951000000000000025e-06
6.951000000000000025e-06
4.975000000000000648e-06
5.964000000000000835e-06
6.951000000000000025e-06
6.951000000000000025e-06
5.964000000000000835e-06
6.951000000000000025e-06
5.964000000000000835e-06
5.964000000000000835e-06
4.975000000000000648e-06
4.975000000000000648e-06
4.975000000000000648e-06
4.975000000000000648e-06
5.964000000000000835e-06
6.951000000000000025e-06
6.951000000000000025e-06
6.951000000000000025e-06
7.935999999999999912e-06
7.935999999999999912e-06
8.919000000000000495e-06
8.919000000000000495e-06
7.935999999999999912e-06
7.935999999999999912e-06
6.951000000000000025e-06
7.935999999999999912e-06
7.935999999999999912e-06
7.935999999999999912e-06
6.951000000000000025e-06
6.951000000000000025e-06
6.951000000000000025e-06
4.975000000000000648e-06
5.964000000000000835e-06
4.975000000000000648e-06
4.975000000000000648e-06
3.983999999999999464e-06
2.991000000000000247e-06
2.991000000000000247e-06
2.991000000000000247e-06
2.991000000000000247e-06
2.991000000000000247e-06
2.991000000000000247e-06
2.991000000000000247e-06
2.991000000000000247e-06
2.991000000000000247e-06
3.983999999999999464e-06
4.975000000000000648e-06
4.975000000000000648e-06
4.975000000000000648e-06
4.975000000000000648e-06
4.975000000000000648e-06
4.975000000000000648e-06
4.975000000000000648e-06
3.983999999999999464e-06
2.991000000000000247e-06
2.991000000000000247e-06
2.991000000000000247e-06
2.991000000000000247e-06
2.991000000000000247e-06
2.991000000000000247e-06
1.996000000000000032e-06
1.996000000000000032e-06
9.990000000000000914e-07
9.990000000000000914e-07
9.990000000000000914e-07
1.996000000000000032e-06
1.996000000000000032e-06
1.996000000000000032e-06
2.991000000000000247e-06
2.991000000000000247e-06
2.991000000000000247e-06
2.991000000000000247e-06
1.996000000000000032e-06
2.991000000000000247e-06
2.991000000000000247e-06
3.983999999999999464e-06
3.983999999999999464e-06
4.975000000000000648e-06
3.983999999999999464e-06
3.983999999999999464e-06
3.983999999999999464e-06
3.983999999999999464e-06
3.983999999999999464e-06
3.983999999999999464e-06
3.983999999999999464e-06
3.983999999999999464e-06
3.983999999999999464e-06
2.991000000000000247e-06
2.991000000000000247e-06
4.975000000000000648e-06
3.983999999999999464e-06
3.983999999999999464e-06
4.975000000000000648e-06
4.975000000000000648e-06
4.975000000000000648e-06
3.983999999999999464e-06
2.991000000000000247e-06
2.991000000000000247e-06
2.991000000000000247e-06
2.991000000000000247e-06
2.991000000000000247e-06
2.991000000000000247e-06
2.991000000000000247e-06
2.991000000000000247e-06
2.991000000000000247e-06
2.991000000000000247e-06
2.991000000000000247e-06
1.996000000000000032e-06
1.996000000000000032e-06
1.996000000000000032e-06
1.996000000000000032e-06
1.996000000000000032e-06
1.996000000000000032e-06
9.990000000000000914e-07
1.996000000000000032e-06
1.996000000000000032e-06
2.991000000000000247e-06
4.975000000000000648e-06
4.975000000000000648e-06
3.983999999999999464e-06
3.983999999999999464e-06
3.983999999999999464e-06
2.991000000000000247e-06
2.991000000000000247e-06
2.991000000000000247e-06
9.990000000000000914e-07
9.990000000000000914e-07
1.996000000000000032e-06
1.996000000000000032e-06
2.991000000000000247e-06
1.996000000000000032e-06
1.996000000000000032e-06
1.996000000000000032e-06
1.996000000000000032e-06
1.996000000000000032e-06
1.996000000000000032e-06
2.991000000000000247e-06
2.991000000000000247e-06
3.983999999999999464e-06
4.975000000000000648e-06
5.964000000000000835e-06
5.964000000000000835e-06
5.964000000000000835e-06
5.964000000000000835e-06
5.964000000000000835e-06
5.964000000000000835e-06
4.975000000000000648e-06
4.975000000000000648e-06
4.975000000000000648e-06
4.975000000000000648e-06
4.975000000000000648e-06
4.975000000000000648e-06
3.983999999999999464e-06
3.983999999999999464e-06
3.983999999999999464e-06
2.991000000000000247e-06
2.991000000000000247e-06
2.991000000000000247e-06
2.991000000000000247e-06
2.991000000000000247e-06
3.983999999999999464e-06
3.983999999999999464e-06
3.983999999999999464e-06
4.975000000000000648e-06
4.975000000000000648e-06
4.975000000000000648e-06
4.975000000000000648e-06
4.975000000000000648e-06
3.983999999999999464e-06
3.983999999999999464e-06
3.983999999999999464e-06
3.983999999999999464e-06
3.983999999999999464e-06
3.983999999999999464e-06
3.983999999999999464e-06
4.975000000000000648e-06
4.975000000000000648e-06
3.983999999999999464e-06
2.991000000000000247e-06
1.996000000000000032e-06
1.996000000000000032e-06
1.996000000000000032e-06
1.996000000000000032e-06
1.996000000000000032e-06
1.996000000000000032e-06
1.996000000000000032e-06
1.996000000000000032e-06
1.996000000000000032e-06
1.996000000000000032e-06
2.991000000000000247e-06
2.991000000000000247e-06
2.991000000000000247e-06
2.991000000000000247e-06
2.991000000000000247e-06
2.991000000000000247e-06
3.983999999999999464e-06
3.983999999999999464e-06
3.983999999999999464e-06
4.975000000000000648e-06
4.975000000000000648e-06
4.975000000000000648e-06
6.951000000000000025e-06
6.951000000000000025e-06
6.951000000000000025e-06
7.935999999999999912e-06
5.964000000000000835e-06
6.951000000000000025e-06
5.964000000000000835e-06
5.964000000000000835e-06
4.975000000000000648e-06
3.983999999999999464e-06
3.983999999999999464e-06
2.991000000000000247e-06
2.991000000000000247e-06
2.991000000000000247e-06
2.991000000000000247e-06
2.991000000000000247e-06
2.991000000000000247e-06
2.991000000000000247e-06
3.983999999999999464e-06
2.991000000000000247e-06
2.991000000000000247e-06
3.983999999999999464e-06
3.983999999999999464e-06
4.975000000000000648e-06
4.975000000000000648e-06
5.964000000000000835e-06
5.964000000000000835e-06
4.975000000000000648e-06
3.983999999999999464e-06
3.983999999999999464e-06
3.983999999999999464e-06
3.983999999999999464e-06
4.975000000000000648e-06
5.964000000000000835e-06
4.975000000000000648e-06
4.975000000000000648e-06
3.983999999999999464e-06
3.983999999999999464e-06
3.983999999999999464e-06
3.983999999999999464e-06
3.983999999999999464e-06
3.983999999999999464e-06
3.983999999999999464e-06
3.983999999999999464e-06
2.991000000000000247e-06
2.991000000000000247e-06
2.991000000000000247e-06
2.991000000000000247e-06
2.991000000000000247e-06
2.991000000000000247e-06
1.996000000000000032e-06
1.996000000000000032e-06
1.996000000000000032e-06
1.996000000000000032e-06
2.991000000000000247e-06
2.991000000000000247e-06
2.991000000000000247e-06
2.991000000000000247e-06
3.983999999999999464e-06
3.983999999999999464e-06
2.991000000000000247e-06
2.991000000000000247e-06
3.983999999999999464e-06
3.983999999999999464e-06
3.983999999999999464e-06
3.983999999999999464e-06
3.983999999999999464e-06
2.991000000000000247e-06
2.991000000000000247e-06
2.991000000000000247e-06
2.991000000000000247e-06
2.991000000000000247e-06
3.983999999999999464e-06
3.983999999999999464e-06
4.975000000000000648e-06
5.964000000000000835e-06
5.964000000000000835e-06
5.964000000000000835e-06
5.964000000000000835e-06
5.964000000000000835e-06
5.964000000000000835e-06
5.964000000000000835e-06
5.964000000000000835e-06
5.964000000000000835e-06
5.964000000000000835e-06
5.964000000000000835e-06
4.975000000000000648e-06
5.964000000000000835e-06
5.964000000000000835e-06
6.951000000000000025e-06
6.951000000000000025e-06
7.935999999999999912e-06
7.935999999999999912e-06
7.935999999999999912e-06
7.935999999999999912e-06
6.951000000000000025e-06
5.964000000000000835e-06
5.964000000000000835e-06
5.964000000000000835e-06
4.975000000000000648e-06
4.975000000000000648e-06
4.975000000000000648e-06
3.983999999999999464e-06
3.983999999999999464e-06
3.983999999999999464e-06
3.983999999999999464e-06
2.991000000000000247e-06
2.991000000000000247e-06
2.991000000000000247e-06
2.991000000000000247e-06
3.983999999999999464e-06
4.975000000000000648e-06
4.975000000000000648e-06
4.975000000000000648e-06
4.975000000000000648e-06
3.983999999999999464e-06
3.983999999999999464e-06
3.983999999999999464e-06
3.983999999999999464e-06
4.975000000000000648e-06
5.964000000000000835e-06
4.975000000000000648e-06
2.991000000000000247e-06
2.991000000000000247e-06
4.975000000000000648e-06
4.975000000000000648e-06
4.975000000000000648e-06
4.975000000000000648e-06
3.983999999999999464e-06
3.983999999999999464e-06
3.983999999999999464e-06
3.983999999999999464e-06
3.983999999999999464e-06
3.983999999999999464e-06
3.983999999999999464e-06
3.983999999999999464e-06
3.983999999999999464e-06
3.983999999999999464e-06
3.983999999999999464e-06
3.983999999999999464e-06
2.991000000000000247e-06
2.991000000000000247e-06
1.996000000000000032e-06
1.996000000000000032e-06
1.996000000000000032e-06
9.990000000000000914e-07
9.990000000000000914e-07
9.990000000000000914e-07
9.990000000000000914e-07
9.990000000000000914e-07
9.990000000000000914e-07
9.990000000000000914e-07
9.990000000000000914e-07
1.996000000000000032e-06
1.996000000000000032e-06
1.996000000000000032e-06
1.996000000000000032e-06
1.996000000000000032e-06
2.991000000000000247e-06
2.991000000000000247e-06
2.991000000000000247e-06
3.983999999999999464e-06
3.983999999999999464e-06
3.983999999999999464e-06
2.991000000000000247e-06
2.991000000000000247e-06
1.996000000000000032e-06
1.996000000000000032e-06
1.996000000000000032e-06
1.996000000000000032e-06
1.996000000000000032e-06
1.996000000000000032e-06
2.991000000000000247e-06
2.991000000000000247e-06
3.983999999999999464e-06
3.983999999999999464e-06
3.983999999999999464e-06
3.983999999999999464e-06
3.983999999999999464e-06
4.975000000000000648e-06
3.983999999999999464e-06
3.983999999999999464e-06
3.983999999999999464e-06
3.983999999999999464e-06
3.983999999999999464e-06
3.983999999999999464e-06
4.975000000000000648e-06
4.975000000000000648e-06
4.975000000000000648e-06
4.975000000000000648e-06
4.975000000000000648e-06
4.975000000000000648e-06
5.964000000000000835e-06
5.964000000000000835e-06
4.975000000000000648e-06
4.975000000000000648e-06
3.983999999999999464e-06
3.983999999999999464e-06
3.983999999999999464e-06
3.983999999999999464e-06
3.983999999999999464e-06
3.983999999999999464e-06
3.983999999999999464e-06
3.983999999999999464e-06
3.983999999999999464e-06
2.991000000000000247e-06
2.991000000000000247e-06
2.991000000000000247e-06
2.991000000000000247e-06
2.991000000000000247e-06
2.991000000000000247e-06
2.991000000000000247e-06
2.991000000000000247e-06
2.991000000000000247e-06
2.991000000000000247e-06
1.996000000000000032e-06
1.996000000000000032e-06
1.996000000000000032e-06
2.991000000000000247e-06
1.996000000000000032e-06
1.996000000000000032e-06
1.996000000000000032e-06
2.991000000000000247e-06
3.983999999999999464e-06
3.983999999999999464e-06
3.983999999999999464e-06
3.983999999999999464e-06
3.983999999999999464e-06
3.983999999999999464e-06
3.983999999999999464e-06
3.983999999999999464e-06
2.991000000000000247e-06
3.983999999999999464e-06
3.983999999999999464e-06
3.983999999999999464e-06
3.983999999999999464e-06
3.983999999999999464e-06
3.983999999999999464e-06
2.991000000000000247e-06
2.991000000000000247e-06
1.996000000000000032e-06
1.996000000000000032e-06
3.983999999999999464e-06
3.983999999999999464e-06
4.975000000000000648e-06
5.964000000000000835e-06
5.964000000000000835e-06
5.964000000000000835e-06
5.964000000000000835e-06
5.964000000000000835e-06
5.964000000000000835e-06
5.964000000000000835e-06
4.975000000000000648e-06
4.975000000000000648e-06
4.975000000000000648e-06
4.975000000000000648e-06
3.983999999999999464e-06
3.983999999999999464e-06
3.983999999999999464e-06
3.983999999999999464e-06
3.983999999999999464e-06
3.983999999999999464e-06
4.975000000000000648e-06
4.975000000000000648e-06
3.983999999999999464e-06
2.991000000000000247e-06
2.991000000000000247e-06
3.983999999999999464e-06
4.975000000000000648e-06
6.951000000000000025e-06
6.951000000000000025e-06
8.919000000000000495e-06
8.919000000000000495e-06
9.900000000000000081e-06
8.919000000000000495e-06
7.935999999999999912e-06
7.935999999999999912e-06
7.935999999999999912e-06
7.935999999999999912e-06
5.964000000000000835e-06
3.983999999999999464e-06
3.983999999999999464e-06
4.975000000000000648e-06
3.983999999999999464e-06
3.983999999999999464e-06
3.983999999999999464e-06
3.983999999999999464e-06
3.983999999999999464e-06
4.975000000000000648e-06
4.975000000000000648e-06
3.983999999999999464e-06
3.983999999999999464e-06
3.983999999999999464e-06
3.983999999999999464e-06
3.983999999999999464e-06
2.991000000000000247e-06
1.996000000000000032e-06
9.990000000000000914e-07
9.990000000000000914e-07
9.990000000000000914e-07
9.990000000000000914e-07
9.990000000000000914e-07
1.996000000000000032e-06
1.996000000000000032e-06
9.990000000000000914e-07
9.990000000000000914e-07
9.990000000000000914e-07
9.990000000000000914e-07
9.990000000000000914e-07
0.000000000000000000e+00
0.000000000000000000e+00
0.000000000000000000e+00
0.000000000000000000e+00
0.000000000000000000e+00
0.000000000000000000e+00
0.000000000000000000e+00
0.000000000000000000e+00
0.000000000000000000e+00
0.000000000000000000e+00
