0.000000000000000000e+00
0.000000000000000000e+00
0.000000000000000000e+00
0.000000000000000000e+00
0.000000000000000000e+00
0.000000000000000000e+00
0.000000000000000000e+00
0.000000000000000000e+00
0.000000000000000000e+00
5.963999999999969495e-06
7.936000000000054122e-06
9.900000000000020410e-06
1.574399999999998004e-05
2.437500000000003683e-05
2.910000000000001615e-05
4.206399999999998893e-05
5.286400000000002105e-05
7.022399999999995649e-05
8.839600000000002577e-05
1.153110000000000484e-04
1.384440000000000182e-04
1.710389999999999459e-04
1.957109999999999698e-04
2.168759999999999612e-04
2.301190000000000104e-04
2.407839999999999904e-04
2.482359999999999862e-04
2.498560000000000147e-04
2.464000000000000261e-04
2.391840000000000058e-04
2.298359999999999726e-04
2.190240000000000090e-04
2.015999999999999943e-04
1.864959999999999979e-04
1.715999999999999969e-04
1.551360000000000000e-04
1.469590000000000002e-04
1.364310000000000089e-04
1.275000000000000092e-04
1.189560000000000042e-04
1.138389999999999921e-04
1.086239999999999954e-04
1.078709999999999977e-04
1.056000000000000054e-04
9.711900000000000307e-05
9.239100000000000361e-05
9.079900000000000937e-05
8.839599999999999866e-05
8.516399999999999979e-05
7.360000000000000006e-05
7.107099999999999767e-05
5.108400000000000083e-05
5.286400000000000072e-05
4.115099999999999954e-05
3.931900000000000081e-05
3.655600000000000033e-05
4.023599999999999898e-05
3.840000000000000504e-05
3.377500000000000782e-05
3.470399999999999841e-05
3.191099999999999991e-05
3.747899999999999810e-05
3.377500000000000782e-05
3.097600000000000294e-05
2.342400000000000138e-05
2.055900000000000086e-05
2.151600000000000203e-05
1.574400000000000037e-05
2.437499999999999956e-05
2.055900000000000086e-05
1.477499999999999999e-05
1.477499999999999999e-05
1.574400000000000037e-05
2.247099999999999881e-05
1.767599999999999814e-05
9.900000000000000081e-06
1.087900000000000036e-05
6.951000000000000025e-06
1.283099999999999794e-05
4.975000000000000648e-06
6.951000000000000025e-06
5.964000000000000835e-06
4.975000000000000648e-06
3.983999999999999464e-06
4.975000000000000648e-06
7.935999999999999912e-06
6.951000000000000025e-06
4.975000000000000648e-06
9.990000000000000914e-07
9.990000000000000914e-07
9.990000000000000914e-07
0.000000000000000000e+00
1.996000000000000032e-06
9.990000000000000914e-07
3.983999999999999464e-06
0.000000000000000000e+00
2.991000000000000247e-06
9.990000000000000914e-07
2.991000000000000247e-06
0.000000000000000000e+00
9.990000000000000914e-07
0.000000000000000000e+00
0.000000000000000000e+00
0.000000000000000000e+00
0.000000000000000000e+00
9.990000000000000914e-07
0.000000000000000000e+00
0.000000000000000000e+00
0.000000000000000000e+00
1.996000000000000032e-06
9.990000000000000914e-07
0.000000000000000000e+00
0.000000000000000000e+00
0.000000000000000000e+00
1.996000000000000032e-06
9.990000000000000914e-07
0.000000000000000000e+00
0.000000000000000000e+00
0.000000000000000000e+00
0.000000000000000000e+00
0.000000000000000000e+00
9.990000000000000914e-07
0.000000000000000000e+00
9.990000000000000914e-07
9.990000000000000914e-07
0.000000000000000000e+00
0.000000000000000000e+00
0.000000000000000000e+00
0.000000000000000000e+00
0.000000000000000000e+00
1.996000000000000032e-06
0.000000000000000000e+00
0.000000000000000000e+00
0.000000000000000000e+00
0.000000000000000000e+00
0.000000000000000000e+00
9.990000000000000914e-07
9.990000000000000914e-07
9.990000000000000914e-07
0.000000000000000000e+00
0.000000000000000000e+00
0.000000000000000000e+00
0.000000000000000000e+00
0.000000000000000000e+00
0.000000000000000000e+00
1.996000000000000032e-06
0.000000000000000000e+00
0.000000000000000000e+00
0.000000000000000000e+00
0.000000000000000000e+00
0.000000000000000000e+00
9.990000000000000914e-07
0.000000000000000000e+00
0.000000000000000000e+00
1.996000000000000032e-06
9.990000000000000914e-07
0.000000000000000000e+00
0.000000000000000000e+00
0.000000000000000000e+00
0.000000000000000000e+00
0.000000000000000000e+00
0.000000000000000000e+00
0.000000000000000000e+00
0.000000000000000000e+00
0.000000000000000000e+00
0.000000000000000000e+00
0.000000000000000000e+00
9.990000000000000914e-07
9.990000000000000914e-07
0.000000000000000000e+00
0.000000000000000000e+00
0.000000000000000000e+00
0.000000000000000000e+00
0.000000000000000000e+00
0.000000000000000000e+00
0.000000000000000000e+00
0.000000000000000000e+00
9.990000000000000914e-07
9.990000000000000914e-07
1.996000000000000032e-06
0.000000000000000000e+00
0.000000000000000000e+00
0.000000000000000000e+00
