0.000000000000000000e+00
0.000000000000000000e+00
0.000000000000000000e+00
0.000000000000000000e+00
0.000000000000000000e+00
0.000000000000000000e+00
0.000000000000000000e+00
0.000000000000000000e+00
0.000000000000000000e+00
0.000000000000000000e+00
2.990999999999965942e-06
3.983999999999987606e-06
1.477499999999998305e-05
4.479100000000002567e-05
9.159600000000000868e-05
1.371040000000000073e-04
1.765590000000000150e-04
2.067360000000000345e-04
2.240789999999999666e-04
2.353589999999999805e-04
2.401989999999999952e-04
2.440709999999999744e-04
2.456440000000000489e-04
2.473989999999999805e-04
2.482710000000000195e-04
2.489749999999999910e-04
2.488310000000000006e-04
2.470389999999999987e-04
2.466360000000000015e-04
2.432759999999999795e-04
2.399999999999999790e-04
2.356000000000000075e-04
2.306789999999999915e-04
2.253510000000000181e-04
2.176000000000000037e-04
2.115839999999999854e-04
2.054790000000000024e-04
1.989239999999999813e-04
1.924000000000000146e-04
1.869990000000000031e-04
1.808310000000000039e-04
1.754709999999999874e-04
1.687749999999999960e-04
1.664789999999999760e-04
1.611960000000000064e-04
1.563640000000000093e-04
1.501440000000000045e-04
1.437239999999999948e-04
1.397760000000000116e-04
1.309749999999999988e-04
1.239749999999999912e-04
1.211189999999999901e-04
1.175040000000000053e-04
1.160440000000000023e-04
1.131000000000000115e-04
1.071160000000000092e-04
1.040759999999999976e-04
1.017750000000000073e-04
9.633600000000000735e-05
9.397500000000000742e-05
8.759100000000000891e-05
8.839599999999999866e-05
8.919899999999999758e-05
9.079900000000000937e-05
8.919899999999999758e-05
8.759100000000000891e-05
8.759100000000000891e-05
8.435099999999999250e-05
7.860399999999999484e-05
7.527600000000001586e-05
7.360000000000000006e-05
7.443900000000001015e-05
7.275899999999999913e-05
7.191599999999999382e-05
7.527600000000001586e-05
7.527600000000001586e-05
7.443900000000001015e-05
7.694400000000000057e-05
7.360000000000000006e-05
7.107099999999999767e-05
6.767099999999999635e-05
6.852399999999999648e-05
6.852399999999999648e-05
6.510000000000001029e-05
6.595899999999999647e-05
6.077500000000000003e-05
6.077500000000000003e-05
6.164400000000000814e-05
6.337599999999999766e-05
6.337599999999999766e-05
6.251099999999999832e-05
5.990400000000000108e-05
5.815599999999999681e-05
5.815599999999999681e-05
5.903099999999999775e-05
5.727899999999999826e-05
5.815599999999999681e-05
5.815599999999999681e-05
5.903099999999999775e-05
5.903099999999999775e-05
5.727899999999999826e-05
5.640000000000000211e-05
5.375100000000000087e-05
5.197500000000000297e-05
5.197500000000000297e-05
5.286400000000000072e-05
5.463600000000000341e-05
5.815599999999999681e-05
5.551900000000000156e-05
5.551900000000000156e-05
5.551900000000000156e-05
5.463600000000000341e-05
5.375100000000000087e-05
5.197500000000000297e-05
5.286400000000000072e-05
5.197500000000000297e-05
5.019100000000000108e-05
4.929599999999999694e-05
4.839899999999999519e-05
4.569599999999999753e-05
4.569599999999999753e-05
4.479099999999999857e-05
4.569599999999999753e-05
4.659899999999999887e-05
4.569599999999999753e-05
4.297500000000000105e-05
4.388400000000000200e-05
4.297500000000000105e-05
4.115099999999999954e-05
4.206399999999999571e-05
4.206399999999999571e-05
4.388400000000000200e-05
4.659899999999999887e-05
4.569599999999999753e-05
4.388400000000000200e-05
4.297500000000000105e-05
4.388400000000000200e-05
4.297500000000000105e-05
4.297500000000000105e-05
4.297500000000000105e-05
4.479099999999999857e-05
4.750000000000000262e-05
4.297500000000000105e-05
4.388400000000000200e-05
4.388400000000000200e-05
4.206399999999999571e-05
4.115099999999999954e-05
3.840000000000000504e-05
4.023599999999999898e-05
3.840000000000000504e-05
3.840000000000000504e-05
3.840000000000000504e-05
4.023599999999999898e-05
4.023599999999999898e-05
3.840000000000000504e-05
3.563099999999999818e-05
3.931900000000000081e-05
4.115099999999999954e-05
4.297500000000000105e-05
4.023599999999999898e-05
3.840000000000000504e-05
3.563099999999999818e-05
3.470399999999999841e-05
3.284400000000000606e-05
3.563099999999999818e-05
3.097600000000000294e-05
3.097600000000000294e-05
3.097600000000000294e-05
3.003899999999999818e-05
3.191099999999999991e-05
3.097600000000000294e-05
3.003899999999999818e-05
2.721600000000000167e-05
2.721600000000000167e-05
3.003899999999999818e-05
3.003899999999999818e-05
3.003899999999999818e-05
2.909999999999999582e-05
3.003899999999999818e-05
2.909999999999999582e-05
3.191099999999999991e-05
3.284400000000000606e-05
3.097600000000000294e-05
3.097600000000000294e-05
3.377500000000000782e-05
3.191099999999999991e-05
3.377500000000000782e-05
3.377500000000000782e-05
3.097600000000000294e-05
3.097600000000000294e-05
3.097600000000000294e-05
2.909999999999999582e-05
2.532400000000000013e-05
2.342400000000000138e-05
2.437499999999999956e-05
2.437499999999999956e-05
2.532400000000000013e-05
2.815899999999999924e-05
3.003899999999999818e-05
3.003899999999999818e-05
2.909999999999999582e-05
2.815899999999999924e-05
2.815899999999999924e-05
2.532400000000000013e-05
2.532400000000000013e-05
2.532400000000000013e-05
2.627099999999999970e-05
2.721600000000000167e-05
2.721600000000000167e-05
2.909999999999999582e-05
3.284400000000000606e-05
3.191099999999999991e-05
3.191099999999999991e-05
3.003899999999999818e-05
3.191099999999999991e-05
3.377500000000000782e-05
3.377500000000000782e-05
3.284400000000000606e-05
3.097600000000000294e-05
2.721600000000000167e-05
2.721600000000000167e-05
2.532400000000000013e-05
2.437499999999999956e-05
2.437499999999999956e-05
2.055900000000000086e-05
1.863899999999999891e-05
1.767599999999999814e-05
1.863899999999999891e-05
1.863899999999999891e-05
1.863899999999999891e-05
1.767599999999999814e-05
1.671099999999999975e-05
1.574400000000000037e-05
1.767599999999999814e-05
2.055900000000000086e-05
2.151600000000000203e-05
2.151600000000000203e-05
2.247099999999999881e-05
2.247099999999999881e-05
2.151600000000000203e-05
1.863899999999999891e-05
1.767599999999999814e-05
1.671099999999999975e-05
1.671099999999999975e-05
1.767599999999999814e-05
1.574400000000000037e-05
1.477499999999999999e-05
1.477499999999999999e-05
1.380400000000000031e-05
1.380400000000000031e-05
1.283099999999999794e-05
1.380400000000000031e-05
1.671099999999999975e-05
1.671099999999999975e-05
1.671099999999999975e-05
1.671099999999999975e-05
1.671099999999999975e-05
1.671099999999999975e-05
2.055900000000000086e-05
2.342400000000000138e-05
2.437499999999999956e-05
2.437499999999999956e-05
2.532400000000000013e-05
2.342400000000000138e-05
2.437499999999999956e-05
2.247099999999999881e-05
2.342400000000000138e-05
2.627099999999999970e-05
2.532400000000000013e-05
2.627099999999999970e-05
2.815899999999999924e-05
2.532400000000000013e-05
2.532400000000000013e-05
2.627099999999999970e-05
2.815899999999999924e-05
2.627099999999999970e-05
2.627099999999999970e-05
2.909999999999999582e-05
2.532400000000000013e-05
2.437499999999999956e-05
2.247099999999999881e-05
2.247099999999999881e-05
2.342400000000000138e-05
2.342400000000000138e-05
2.342400000000000138e-05
2.247099999999999881e-05
2.247099999999999881e-05
2.247099999999999881e-05
2.151600000000000203e-05
2.055900000000000086e-05
1.767599999999999814e-05
1.671099999999999975e-05
1.863899999999999891e-05
1.863899999999999891e-05
1.767599999999999814e-05
1.477499999999999999e-05
1.574400000000000037e-05
1.477499999999999999e-05
1.380400000000000031e-05
1.283099999999999794e-05
1.283099999999999794e-05
1.380400000000000031e-05
1.574400000000000037e-05
1.767599999999999814e-05
1.863899999999999891e-05
1.863899999999999891e-05
1.671099999999999975e-05
1.574400000000000037e-05
1.574400000000000037e-05
1.574400000000000037e-05
1.574400000000000037e-05
1.767599999999999814e-05
1.863899999999999891e-05
1.959999999999999869e-05
1.959999999999999869e-05
1.767599999999999814e-05
1.959999999999999869e-05
2.055900000000000086e-05
2.055900000000000086e-05
2.247099999999999881e-05
2.342400000000000138e-05
2.342400000000000138e-05
2.247099999999999881e-05
2.151600000000000203e-05
1.959999999999999869e-05
1.959999999999999869e-05
1.959999999999999869e-05
1.767599999999999814e-05
1.574400000000000037e-05
1.380400000000000031e-05
1.477499999999999999e-05
1.185599999999999965e-05
1.185599999999999965e-05
1.380400000000000031e-05
1.380400000000000031e-05
1.380400000000000031e-05
1.574400000000000037e-05
1.671099999999999975e-05
1.574400000000000037e-05
1.863899999999999891e-05
2.055900000000000086e-05
2.342400000000000138e-05
2.151600000000000203e-05
2.247099999999999881e-05
2.151600000000000203e-05
1.959999999999999869e-05
1.863899999999999891e-05
1.767599999999999814e-05
1.767599999999999814e-05
1.671099999999999975e-05
1.477499999999999999e-05
1.477499999999999999e-05
1.574400000000000037e-05
1.671099999999999975e-05
1.671099999999999975e-05
1.671099999999999975e-05
1.574400000000000037e-05
1.671099999999999975e-05
1.574400000000000037e-05
1.574400000000000037e-05
1.574400000000000037e-05
1.574400000000000037e-05
1.574400000000000037e-05
1.477499999999999999e-05
1.380400000000000031e-05
1.477499999999999999e-05
1.574400000000000037e-05
1.477499999999999999e-05
1.380400000000000031e-05
1.380400000000000031e-05
1.185599999999999965e-05
1.087900000000000036e-05
9.900000000000000081e-06
8.919000000000000495e-06
8.919000000000000495e-06
9.900000000000000081e-06
9.900000000000000081e-06
7.935999999999999912e-06
8.919000000000000495e-06
8.919000000000000495e-06
8.919000000000000495e-06
1.087900000000000036e-05
1.185599999999999965e-05
1.185599999999999965e-05
1.087900000000000036e-05
1.087900000000000036e-05
9.900000000000000081e-06
9.900000000000000081e-06
9.900000000000000081e-06
8.919000000000000495e-06
9.900000000000000081e-06
8.919000000000000495e-06
9.900000000000000081e-06
8.919000000000000495e-06
8.919000000000000495e-06
7.935999999999999912e-06
7.935999999999999912e-06
7.935999999999999912e-06
8.919000000000000495e-06
8.919000000000000495e-06
8.919000000000000495e-06
8.919000000000000495e-06
5.964000000000000835e-06
5.964000000000000835e-06
5.964000000000000835e-06
6.951000000000000025e-06
7.935999999999999912e-06
7.935999999999999912e-06
7.935999999999999912e-06
8.919000000000000495e-06
8.919000000000000495e-06
8.919000000000000495e-06
8.919000000000000495e-06
8.919000000000000495e-06
9.900000000000000081e-06
9.900000000000000081e-06
1.185599999999999965e-05
1.185599999999999965e-05
1.283099999999999794e-05
1.283099999999999794e-05
1.283099999999999794e-05
1.185599999999999965e-05
9.900000000000000081e-06
9.900000000000000081e-06
8.919000000000000495e-06
8.919000000000000495e-06
8.919000000000000495e-06
8.919000000000000495e-06
8.919000000000000495e-06
1.087900000000000036e-05
1.087900000000000036e-05
1.283099999999999794e-05
1.380400000000000031e-05
1.380400000000000031e-05
1.283099999999999794e-05
1.283099999999999794e-05
1.380400000000000031e-05
1.380400000000000031e-05
1.380400000000000031e-05
1.380400000000000031e-05
1.380400000000000031e-05
1.477499999999999999e-05
1.477499999999999999e-05
1.477499999999999999e-05
1.477499999999999999e-05
1.283099999999999794e-05
1.283099999999999794e-05
1.477499999999999999e-05
1.283099999999999794e-05
1.185599999999999965e-05
1.087900000000000036e-05
9.900000000000000081e-06
1.087900000000000036e-05
1.185599999999999965e-05
1.283099999999999794e-05
1.185599999999999965e-05
1.477499999999999999e-05
1.477499999999999999e-05
1.477499999999999999e-05
1.283099999999999794e-05
1.380400000000000031e-05
1.283099999999999794e-05
1.380400000000000031e-05
1.087900000000000036e-05
1.087900000000000036e-05
1.087900000000000036e-05
9.900000000000000081e-06
9.900000000000000081e-06
9.900000000000000081e-06
9.900000000000000081e-06
8.919000000000000495e-06
9.900000000000000081e-06
1.087900000000000036e-05
1.185599999999999965e-05
1.087900000000000036e-05
9.900000000000000081e-06
9.900000000000000081e-06
9.900000000000000081e-06
9.900000000000000081e-06
1.087900000000000036e-05
1.087900000000000036e-05
1.087900000000000036e-05
1.087900000000000036e-05
1.185599999999999965e-05
1.087900000000000036e-05
9.900000000000000081e-06
9.900000000000000081e-06
1.087900000000000036e-05
1.087900000000000036e-05
1.185599999999999965e-05
1.185599999999999965e-05
9.900000000000000081e-06
7.935999999999999912e-06
7.935999999999999912e-06
6.951000000000000025e-06
1.087900000000000036e-05
1.185599999999999965e-05
1.087900000000000036e-05
9.900000000000000081e-06
9.900000000000000081e-06
9.900000000000000081e-06
9.900000000000000081e-06
9.900000000000000081e-06
9.900000000000000081e-06
1.185599999999999965e-05
1.185599999999999965e-05
1.380400000000000031e-05
1.380400000000000031e-05
1.185599999999999965e-05
1.185599999999999965e-05
1.087900000000000036e-05
1.185599999999999965e-05
1.185599999999999965e-05
1.087900000000000036e-05
1.087900000000000036e-05
9.900000000000000081e-06
9.900000000000000081e-06
9.900000000000000081e-06
9.900000000000000081e-06
8.919000000000000495e-06
1.087900000000000036e-05
1.087900000000000036e-05
1.087900000000000036e-05
1.087900000000000036e-05
1.087900000000000036e-05
1.087900000000000036e-05
1.087900000000000036e-05
1.087900000000000036e-05
1.185599999999999965e-05
1.185599999999999965e-05
1.185599999999999965e-05
1.087900000000000036e-05
1.185599999999999965e-05
1.185599999999999965e-05
1.087900000000000036e-05
1.185599999999999965e-05
1.185599999999999965e-05
1.283099999999999794e-05
1.283099999999999794e-05
1.380400000000000031e-05
1.380400000000000031e-05
1.477499999999999999e-05
1.477499999999999999e-05
1.574400000000000037e-05
1.574400000000000037e-05
1.477499999999999999e-05
1.477499999999999999e-05
1.477499999999999999e-05
1.477499999999999999e-05
1.380400000000000031e-05
1.283099999999999794e-05
1.283099999999999794e-05
9.900000000000000081e-06
8.919000000000000495e-06
7.935999999999999912e-06
9.900000000000000081e-06
1.087900000000000036e-05
8.919000000000000495e-06
8.919000000000000495e-06
8.919000000000000495e-06
8.919000000000000495e-06
8.919000000000000495e-06
8.919000000000000495e-06
7.935999999999999912e-06
6.951000000000000025e-06
7.935999999999999912e-06
7.935999999999999912e-06
8.919000000000000495e-06
8.919000000000000495e-06
8.919000000000000495e-06
8.919000000000000495e-06
1.087900000000000036e-05
1.087900000000000036e-05
1.087900000000000036e-05
1.087900000000000036e-05
1.185599999999999965e-05
1.185599999999999965e-05
1.087900000000000036e-05
1.185599999999999965e-05
1.283099999999999794e-05
1.185599999999999965e-05
1.185599999999999965e-05
1.185599999999999965e-05
1.185599999999999965e-05
1.283099999999999794e-05
1.185599999999999965e-05
9.900000000000000081e-06
9.900000000000000081e-06
8.919000000000000495e-06
7.935999999999999912e-06
5.964000000000000835e-06
5.964000000000000835e-06
3.983999999999999464e-06
2.991000000000000247e-06
2.991000000000000247e-06
4.975000000000000648e-06
4.975000000000000648e-06
4.975000000000000648e-06
4.975000000000000648e-06
4.975000000000000648e-06
4.975000000000000648e-06
4.975000000000000648e-06
4.975000000000000648e-06
3.983999999999999464e-06
4.975000000000000648e-06
4.975000000000000648e-06
4.975000000000000648e-06
4.975000000000000648e-06
4.975000000000000648e-06
4.975000000000000648e-06
4.975000000000000648e-06
5.964000000000000835e-06
5.964000000000000835e-06
3.983999999999999464e-06
3.983999999999999464e-06
3.983999999999999464e-06
3.983999999999999464e-06
5.964000000000000835e-06
5.964000000000000835e-06
6.951000000000000025e-06
6.951000000000000025e-06
7.935999999999999912e-06
7.935999999999999912e-06
7.935999999999999912e-06
7.935999999999999912e-06
7.935999999999999912e-06
7.935999999999999912e-06
8.919000000000000495e-06
6.951000000000000025e-06
6.951000000000000025e-06
6.951000000000000025e-06
7.935999999999999912e-06
7.935999999999999912e-06
6.951000000000000025e-06
6.951000000000000025e-06
5.964000000000000835e-06
5.964000000000000835e-06
5.964000000000000835e-06
6.951000000000000025e-06
7.935999999999999912e-06
7.935999999999999912e-06
5.964000000000000835e-06
5.964000000000000835e-06
4.975000000000000648e-06
4.975000000000000648e-06
4.975000000000000648e-06
5.964000000000000835e-06
6.951000000000000025e-06
6.951000000000000025e-06
6.951000000000000025e-06
7.935999999999999912e-06
4.975000000000000648e-06
4.975000000000000648e-06
4.975000000000000648e-06
5.964000000000000835e-06
5.964000000000000835e-06
5.964000000000000835e-06
5.964000000000000835e-06
5.964000000000000835e-06
3.983999999999999464e-06
3.983999999999999464e-06
3.983999999999999464e-06
2.991000000000000247e-06
3.983999999999999464e-06
3.983999999999999464e-06
4.975000000000000648e-06
5.964000000000000835e-06
5.964000000000000835e-06
5.964000000000000835e-06
5.964000000000000835e-06
6.951000000000000025e-06
6.951000000000000025e-06
7.935999999999999912e-06
7.935999999999999912e-06
7.935999999999999912e-06
7.935999999999999912e-06
7.935999999999999912e-06
8.919000000000000495e-06
8.919000000000000495e-06
7.935999999999999912e-06
6.951000000000000025e-06
5.964000000000000835e-06
5.964000000000000835e-06
5.964000000000000835e-06
4.975000000000000648e-06
4.975000000000000648e-06
4.975000000000000648e-06
5.964000000000000835e-06
5.964000000000000835e-06
5.964000000000000835e-06
4.975000000000000648e-06
4.975000000000000648e-06
4.975000000000000648e-06
4.975000000000000648e-06
3.983999999999999464e-06
3.983999999999999464e-06
3.983999999999999464e-06
3.983999999999999464e-06
3.983999999999999464e-06
3.983999999999999464e-06
4.975000000000000648e-06
4.975000000000000648e-06
5.964000000000000835e-06
5.964000000000000835e-06
5.964000000000000835e-06
5.964000000000000835e-06
6.951000000000000025e-06
5.964000000000000835e-06
5.964000000000000835e-06
5.964000000000000835e-06
5.964000000000000835e-06
4.975000000000000648e-06
4.975000000000000648e-06
3.983999999999999464e-06
2.991000000000000247e-06
2.991000000000000247e-06
1.996000000000000032e-06
1.996000000000000032e-06
1.996000000000000032e-06
1.996000000000000032e-06
1.996000000000000032e-06
1.996000000000000032e-06
1.996000000000000032e-06
2.991000000000000247e-06
2.991000000000000247e-06
2.991000000000000247e-06
2.991000000000000247e-06
3.983999999999999464e-06
4.975000000000000648e-06
4.975000000000000648e-06
5.964000000000000835e-06
5.964000000000000835e-06
4.975000000000000648e-06
4.975000000000000648e-06
4.975000000000000648e-06
5.964000000000000835e-06
6.951000000000000025e-06
6.951000000000000025e-06
6.951000000000000025e-06
6.951000000000000025e-06
6.951000000000000025e-06
6.951000000000000025e-06
7.935999999999999912e-06
7.935999999999999912e-06
8.919000000000000495e-06
7.935999999999999912e-06
6.951000000000000025e-06
5.964000000000000835e-06
4.975000000000000648e-06
5.964000000000000835e-06
5.964000000000000835e-06
5.964000000000000835e-06
4.975000000000000648e-06
4.975000000000000648e-06
5.964000000000000835e-06
5.964000000000000835e-06
5.964000000000000835e-06
5.964000000000000835e-06
5.964000000000000835e-06
5.964000000000000835e-06
5.964000000000000835e-06
5.964000000000000835e-06
4.975000000000000648e-06
3.983999999999999464e-06
2.991000000000000247e-06
2.991000000000000247e-06
1.996000000000000032e-06
2.991000000000000247e-06
2.991000000000000247e-06
2.991000000000000247e-06
2.991000000000000247e-06
2.991000000000000247e-06
2.991000000000000247e-06
4.975000000000000648e-06
4.975000000000000648e-06
3.983999999999999464e-06
4.975000000000000648e-06
4.975000000000000648e-06
3.983999999999999464e-06
2.991000000000000247e-06
3.983999999999999464e-06
3.983999999999999464e-06
4.975000000000000648e-06
4.975000000000000648e-06
4.975000000000000648e-06
4.975000000000000648e-06
4.975000000000000648e-06
3.983999999999999464e-06
2.991000000000000247e-06
1.996000000000000032e-06
1.996000000000000032e-06
9.990000000000000914e-07
9.990000000000000914e-07
9.990000000000000914e-07
1.996000000000000032e-06
1.996000000000000032e-06
1.996000000000000032e-06
2.991000000000000247e-06
2.991000000000000247e-06
2.991000000000000247e-06
1.996000000000000032e-06
1.996000000000000032e-06
1.996000000000000032e-06
1.996000000000000032e-06
1.996000000000000032e-06
1.996000000000000032e-06
1.996000000000000032e-06
2.991000000000000247e-06
2.991000000000000247e-06
3.983999999999999464e-06
3.983999999999999464e-06
3.983999999999999464e-06
3.983999999999999464e-06
3.983999999999999464e-06
2.991000000000000247e-06
2.991000000000000247e-06
3.983999999999999464e-06
3.983999999999999464e-06
3.983999999999999464e-06
3.983999999999999464e-06
3.983999999999999464e-06
3.983999999999999464e-06
4.975000000000000648e-06
4.975000000000000648e-06
5.964000000000000835e-06
5.964000000000000835e-06
5.964000000000000835e-06
5.964000000000000835e-06
5.964000000000000835e-06
5.964000000000000835e-06
5.964000000000000835e-06
5.964000000000000835e-06
6.951000000000000025e-06
6.951000000000000025e-06
6.951000000000000025e-06
5.964000000000000835e-06
5.964000000000000835e-06
5.964000000000000835e-06
5.964000000000000835e-06
4.975000000000000648e-06
4.975000000000000648e-06
3.983999999999999464e-06
3.983999999999999464e-06
2.991000000000000247e-06
3.983999999999999464e-06
3.983999999999999464e-06
3.983999999999999464e-06
3.983999999999999464e-06
3.983999999999999464e-06
3.983999999999999464e-06
4.975000000000000648e-06
4.975000000000000648e-06
2.991000000000000247e-06
2.991000000000000247e-06
2.991000000000000247e-06
2.991000000000000247e-06
2.991000000000000247e-06
2.991000000000000247e-06
1.996000000000000032e-06
1.996000000000000032e-06
1.996000000000000032e-06
1.996000000000000032e-06
1.996000000000000032e-06
1.996000000000000032e-06
1.996000000000000032e-06
9.990000000000000914e-07
9.990000000000000914e-07
9.990000000000000914e-07
9.990000000000000914e-07
9.990000000000000914e-07
1.996000000000000032e-06
1.996000000000000032e-06
3.983999999999999464e-06
3.983999999999999464e-06
3.983999999999999464e-06
2.991000000000000247e-06
2.991000000000000247e-06
2.991000000000000247e-06
1.996000000000000032e-06
1.996000000000000032e-06
1.996000000000000032e-06
1.996000000000000032e-06
1.996000000000000032e-06
1.996000000000000032e-06
1.996000000000000032e-06
1.996000000000000032e-06
9.990000000000000914e-07
9.990000000000000914e-07
9.990000000000000914e-07
9.990000000000000914e-07
1.996000000000000032e-06
1.996000000000000032e-06
1.996000000000000032e-06
1.996000000000000032e-06
1.996000000000000032e-06
1.996000000000000032e-06
1.996000000000000032e-06
1.996000000000000032e-06
2.991000000000000247e-06
2.991000000000000247e-06
3.983999999999999464e-06
2.991000000000000247e-06
2.991000000000000247e-06
3.983999999999999464e-06
4.975000000000000648e-06
4.975000000000000648e-06
4.975000000000000648e-06
4.975000000000000648e-06
4.975000000000000648e-06
4.975000000000000648e-06
4.975000000000000648e-06
3.983999999999999464e-06
3.983999999999999464e-06
2.991000000000000247e-06
3.983999999999999464e-06
3.983999999999999464e-06
3.983999999999999464e-06
3.983999999999999464e-06
3.983999999999999464e-06
3.983999999999999464e-06
4.975000000000000648e-06
4.975000000000000648e-06
4.975000000000000648e-06
4.975000000000000648e-06
2.991000000000000247e-06
2.991000000000000247e-06
2.991000000000000247e-06
2.991000000000000247e-06
2.991000000000000247e-06
2.991000000000000247e-06
3.983999999999999464e-06
3.983999999999999464e-06
3.983999999999999464e-06
3.983999999999999464e-06
3.983999999999999464e-06
3.983999999999999464e-06
3.983999999999999464e-06
3.983999999999999464e-06
3.983999999999999464e-06
2.991000000000000247e-06
2.991000000000000247e-06
1.996000000000000032e-06
2.991000000000000247e-06
2.991000000000000247e-06
9.990000000000000914e-07
9.990000000000000914e-07
9.990000000000000914e-07
9.990000000000000914e-07
9.990000000000000914e-07
9.990000000000000914e-07
9.990000000000000914e-07
9.990000000000000914e-07
1.996000000000000032e-06
2.991000000000000247e-06
2.991000000000000247e-06
2.991000000000000247e-06
2.991000000000000247e-06
1.996000000000000032e-06
1.996000000000000032e-06
1.996000000000000032e-06
1.996000000000000032e-06
1.996000000000000032e-06
1.996000000000000032e-06
1.996000000000000032e-06
2.991000000000000247e-06
1.996000000000000032e-06
9.990000000000000914e-07
9.990000000000000914e-07
9.990000000000000914e-07
9.990000000000000914e-07
9.990000000000000914e-07
9.990000000000000914e-07
9.990000000000000914e-07
9.990000000000000914e-07
9.990000000000000914e-07
9.990000000000000914e-07
1.996000000000000032e-06
9.990000000000000914e-07
9.990000000000000914e-07
9.990000000000000914e-07
9.990000000000000914e-07
1.996000000000000032e-06
1.996000000000000032e-06
1.996000000000000032e-06
1.996000000000000032e-06
1.996000000000000032e-06
1.996000000000000032e-06
1.996000000000000032e-06
1.996000000000000032e-06
2.991000000000000247e-06
2.991000000000000247e-06
1.996000000000000032e-06
1.996000000000000032e-06
1.996000000000000032e-06
1.996000000000000032e-06
1.996000000000000032e-06
1.996000000000000032e-06
9.990000000000000914e-07
9.990000000000000914e-07
9.990000000000000914e-07
9.990000000000000914e-07
