0.000000000000000000e+00
0.000000000000000000e+00
0.000000000000000000e+00
0.000000000000000000e+00
0.000000000000000000e+00
0.000000000000000000e+00
0.000000000000000000e+00
0.000000000000000000e+00
2.990999999999965942e-06
3.983999999999987606e-06
1.574399999999998004e-05
4.479100000000002567e-05
9.159600000000000868e-05
1.364309999999999818e-04
1.749239999999999671e-04
2.050560000000000100e-04
2.224439999999999729e-04
2.338709999999999975e-04
2.397989999999999855e-04
2.437589999999999950e-04
2.457749999999999974e-04
2.473989999999999805e-04
2.475999999999999833e-04
2.476749999999999910e-04
2.479189999999999767e-04
2.472159999999999666e-04
2.462790000000000183e-04
2.427749999999999787e-04
2.395960000000000147e-04
2.360760000000000213e-04
2.312309999999999821e-04
2.253510000000000181e-04
2.183160000000000016e-04
2.123639999999999881e-04
2.054790000000000024e-04
1.984710000000000044e-04
1.928790000000000214e-04
1.854839999999999744e-04
1.813559999999999760e-04
1.727160000000000045e-04
1.687749999999999960e-04
1.658999999999999939e-04
1.593990000000000099e-04
1.569750000000000073e-04
1.476000000000000098e-04
1.456709999999999949e-04
1.411000000000000145e-04
1.309749999999999988e-04
1.253910000000000061e-04
1.218359999999999902e-04
1.196790000000000039e-04
1.167750000000000060e-04
1.116160000000000101e-04
1.093750000000000023e-04
1.056000000000000054e-04
1.040759999999999976e-04
9.867900000000000846e-05
9.555099999999999369e-05
9.239100000000000361e-05
8.919899999999999758e-05
8.678400000000000122e-05
8.759100000000000891e-05
8.999999999999999212e-05
8.839599999999999866e-05
8.597499999999998915e-05
8.516399999999999979e-05
7.860399999999999484e-05
7.611100000000000363e-05
7.275899999999999913e-05
7.527600000000001586e-05
7.611100000000000363e-05
7.360000000000000006e-05
7.527600000000001586e-05
7.527600000000001586e-05
7.694400000000000057e-05
7.611100000000000363e-05
7.443900000000001015e-05
7.443900000000001015e-05
7.022399999999999714e-05
7.360000000000000006e-05
6.937499999999999223e-05
6.852399999999999648e-05
6.681600000000000538e-05
6.681600000000000538e-05
6.510000000000001029e-05
6.681600000000000538e-05
6.767099999999999635e-05
6.852399999999999648e-05
6.681600000000000538e-05
6.337599999999999766e-05
6.251099999999999832e-05
6.423900000000000617e-05
6.681600000000000538e-05
6.423900000000000617e-05
6.337599999999999766e-05
6.164400000000000814e-05
5.990400000000000108e-05
6.164400000000000814e-05
5.990400000000000108e-05
5.903099999999999775e-05
5.903099999999999775e-05
5.375100000000000087e-05
5.640000000000000211e-05
5.727899999999999826e-05
5.903099999999999775e-05
5.815599999999999681e-05
5.815599999999999681e-05
5.727899999999999826e-05
5.903099999999999775e-05
5.990400000000000108e-05
5.903099999999999775e-05
5.640000000000000211e-05
5.640000000000000211e-05
5.197500000000000297e-05
5.108400000000000083e-05
5.375100000000000087e-05
5.197500000000000297e-05
5.019100000000000108e-05
4.929599999999999694e-05
4.479099999999999857e-05
4.388400000000000200e-05
4.206399999999999571e-05
4.023599999999999898e-05
3.840000000000000504e-05
3.931900000000000081e-05
3.931900000000000081e-05
3.840000000000000504e-05
3.931900000000000081e-05
4.023599999999999898e-05
4.023599999999999898e-05
3.840000000000000504e-05
3.655600000000000033e-05
3.655600000000000033e-05
3.747899999999999810e-05
3.655600000000000033e-05
3.655600000000000033e-05
3.747899999999999810e-05
3.747899999999999810e-05
4.023599999999999898e-05
3.840000000000000504e-05
3.563099999999999818e-05
3.563099999999999818e-05
3.563099999999999818e-05
3.097600000000000294e-05
2.909999999999999582e-05
3.003899999999999818e-05
3.003899999999999818e-05
2.909999999999999582e-05
3.003899999999999818e-05
2.909999999999999582e-05
3.097600000000000294e-05
3.191099999999999991e-05
3.097600000000000294e-05
3.003899999999999818e-05
3.284400000000000606e-05
3.191099999999999991e-05
3.097600000000000294e-05
3.003899999999999818e-05
3.003899999999999818e-05
2.815899999999999924e-05
2.721600000000000167e-05
2.721600000000000167e-05
2.532400000000000013e-05
2.532400000000000013e-05
2.721600000000000167e-05
2.721600000000000167e-05
2.909999999999999582e-05
2.721600000000000167e-05
2.721600000000000167e-05
2.627099999999999970e-05
2.532400000000000013e-05
3.003899999999999818e-05
3.003899999999999818e-05
3.097600000000000294e-05
2.909999999999999582e-05
3.097600000000000294e-05
3.003899999999999818e-05
2.909999999999999582e-05
2.815899999999999924e-05
2.627099999999999970e-05
2.815899999999999924e-05
3.003899999999999818e-05
3.097600000000000294e-05
3.003899999999999818e-05
2.815899999999999924e-05
3.003899999999999818e-05
3.097600000000000294e-05
3.097600000000000294e-05
2.909999999999999582e-05
2.815899999999999924e-05
2.815899999999999924e-05
2.815899999999999924e-05
2.437499999999999956e-05
2.437499999999999956e-05
2.437499999999999956e-05
2.532400000000000013e-05
2.627099999999999970e-05
2.532400000000000013e-05
2.721600000000000167e-05
2.627099999999999970e-05
2.721600000000000167e-05
2.815899999999999924e-05
2.815899999999999924e-05
2.815899999999999924e-05
2.532400000000000013e-05
2.342400000000000138e-05
2.627099999999999970e-05
2.627099999999999970e-05
2.627099999999999970e-05
2.909999999999999582e-05
2.721600000000000167e-05
2.721600000000000167e-05
2.815899999999999924e-05
3.003899999999999818e-05
3.003899999999999818e-05
2.815899999999999924e-05
2.627099999999999970e-05
2.627099999999999970e-05
2.532400000000000013e-05
2.247099999999999881e-05
2.151600000000000203e-05
2.055900000000000086e-05
1.959999999999999869e-05
1.959999999999999869e-05
1.959999999999999869e-05
2.151600000000000203e-05
2.247099999999999881e-05
2.437499999999999956e-05
2.437499999999999956e-05
2.342400000000000138e-05
2.721600000000000167e-05
2.815899999999999924e-05
2.909999999999999582e-05
2.909999999999999582e-05
2.627099999999999970e-05
2.532400000000000013e-05
2.627099999999999970e-05
2.532400000000000013e-05
2.437499999999999956e-05
2.151600000000000203e-05
2.151600000000000203e-05
2.247099999999999881e-05
2.151600000000000203e-05
1.959999999999999869e-05
2.055900000000000086e-05
2.055900000000000086e-05
1.959999999999999869e-05
1.959999999999999869e-05
1.574400000000000037e-05
1.574400000000000037e-05
1.574400000000000037e-05
1.863899999999999891e-05
1.863899999999999891e-05
1.959999999999999869e-05
1.767599999999999814e-05
1.767599999999999814e-05
1.959999999999999869e-05
1.959999999999999869e-05
1.959999999999999869e-05
1.767599999999999814e-05
1.671099999999999975e-05
1.574400000000000037e-05
1.380400000000000031e-05
1.380400000000000031e-05
1.380400000000000031e-05
1.283099999999999794e-05
1.477499999999999999e-05
1.477499999999999999e-05
1.477499999999999999e-05
1.574400000000000037e-05
1.574400000000000037e-05
1.477499999999999999e-05
1.574400000000000037e-05
1.574400000000000037e-05
1.671099999999999975e-05
1.477499999999999999e-05
1.380400000000000031e-05
1.380400000000000031e-05
1.087900000000000036e-05
1.185599999999999965e-05
1.283099999999999794e-05
1.185599999999999965e-05
9.900000000000000081e-06
9.900000000000000081e-06
1.283099999999999794e-05
1.283099999999999794e-05
1.283099999999999794e-05
1.283099999999999794e-05
1.185599999999999965e-05
1.087900000000000036e-05
9.900000000000000081e-06
9.900000000000000081e-06
1.283099999999999794e-05
1.283099999999999794e-05
1.283099999999999794e-05
1.185599999999999965e-05
1.185599999999999965e-05
1.087900000000000036e-05
1.087900000000000036e-05
7.935999999999999912e-06
7.935999999999999912e-06
8.919000000000000495e-06
9.900000000000000081e-06
1.087900000000000036e-05
1.087900000000000036e-05
9.900000000000000081e-06
1.283099999999999794e-05
1.380400000000000031e-05
1.380400000000000031e-05
1.283099999999999794e-05
1.283099999999999794e-05
1.380400000000000031e-05
1.477499999999999999e-05
1.574400000000000037e-05
1.380400000000000031e-05
1.087900000000000036e-05
1.087900000000000036e-05
1.087900000000000036e-05
1.087900000000000036e-05
9.900000000000000081e-06
1.185599999999999965e-05
8.919000000000000495e-06
6.951000000000000025e-06
5.964000000000000835e-06
7.935999999999999912e-06
8.919000000000000495e-06
8.919000000000000495e-06
9.900000000000000081e-06
9.900000000000000081e-06
9.900000000000000081e-06
8.919000000000000495e-06
8.919000000000000495e-06
8.919000000000000495e-06
8.919000000000000495e-06
8.919000000000000495e-06
9.900000000000000081e-06
9.900000000000000081e-06
8.919000000000000495e-06
7.935999999999999912e-06
5.964000000000000835e-06
5.964000000000000835e-06
5.964000000000000835e-06
5.964000000000000835e-06
4.975000000000000648e-06
4.975000000000000648e-06
7.935999999999999912e-06
7.935999999999999912e-06
8.919000000000000495e-06
8.919000000000000495e-06
9.900000000000000081e-06
9.900000000000000081e-06
9.900000000000000081e-06
8.919000000000000495e-06
7.935999999999999912e-06
6.951000000000000025e-06
6.951000000000000025e-06
5.964000000000000835e-06
5.964000000000000835e-06
5.964000000000000835e-06
6.951000000000000025e-06
6.951000000000000025e-06
7.935999999999999912e-06
7.935999999999999912e-06
7.935999999999999912e-06
7.935999999999999912e-06
7.935999999999999912e-06
6.951000000000000025e-06
8.919000000000000495e-06
1.087900000000000036e-05
1.087900000000000036e-05
1.185599999999999965e-05
9.900000000000000081e-06
9.900000000000000081e-06
9.900000000000000081e-06
9.900000000000000081e-06
8.919000000000000495e-06
8.919000000000000495e-06
7.935999999999999912e-06
7.935999999999999912e-06
7.935999999999999912e-06
7.935999999999999912e-06
6.951000000000000025e-06
5.964000000000000835e-06
6.951000000000000025e-06
5.964000000000000835e-06
6.951000000000000025e-06
7.935999999999999912e-06
8.919000000000000495e-06
9.900000000000000081e-06
9.900000000000000081e-06
9.900000000000000081e-06
9.900000000000000081e-06
9.900000000000000081e-06
1.087900000000000036e-05
1.087900000000000036e-05
1.087900000000000036e-05
9.900000000000000081e-06
9.900000000000000081e-06
7.935999999999999912e-06
7.935999999999999912e-06
7.935999999999999912e-06
7.935999999999999912e-06
7.935999999999999912e-06
7.935999999999999912e-06
7.935999999999999912e-06
6.951000000000000025e-06
7.935999999999999912e-06
7.935999999999999912e-06
8.919000000000000495e-06
9.900000000000000081e-06
9.900000000000000081e-06
9.900000000000000081e-06
9.900000000000000081e-06
1.087900000000000036e-05
1.087900000000000036e-05
8.919000000000000495e-06
8.919000000000000495e-06
8.919000000000000495e-06
6.951000000000000025e-06
6.951000000000000025e-06
7.935999999999999912e-06
6.951000000000000025e-06
6.951000000000000025e-06
6.951000000000000025e-06
6.951000000000000025e-06
6.951000000000000025e-06
6.951000000000000025e-06
6.951000000000000025e-06
6.951000000000000025e-06
7.935999999999999912e-06
7.935999999999999912e-06
7.935999999999999912e-06
8.919000000000000495e-06
8.919000000000000495e-06
1.087900000000000036e-05
1.087900000000000036e-05
1.185599999999999965e-05
1.380400000000000031e-05
1.380400000000000031e-05
1.283099999999999794e-05
1.380400000000000031e-05
1.380400000000000031e-05
1.380400000000000031e-05
1.283099999999999794e-05
1.185599999999999965e-05
9.900000000000000081e-06
9.900000000000000081e-06
9.900000000000000081e-06
9.900000000000000081e-06
1.087900000000000036e-05
1.087900000000000036e-05
1.087900000000000036e-05
1.087900000000000036e-05
1.087900000000000036e-05
9.900000000000000081e-06
7.935999999999999912e-06
8.919000000000000495e-06
8.919000000000000495e-06
8.919000000000000495e-06
7.935999999999999912e-06
7.935999999999999912e-06
7.935999999999999912e-06
7.935999999999999912e-06
7.935999999999999912e-06
7.935999999999999912e-06
7.935999999999999912e-06
7.935999999999999912e-06
8.919000000000000495e-06
7.935999999999999912e-06
7.935999999999999912e-06
9.900000000000000081e-06
9.900000000000000081e-06
8.919000000000000495e-06
8.919000000000000495e-06
9.900000000000000081e-06
8.919000000000000495e-06
8.919000000000000495e-06
7.935999999999999912e-06
7.935999999999999912e-06
5.964000000000000835e-06
5.964000000000000835e-06
6.951000000000000025e-06
4.975000000000000648e-06
4.975000000000000648e-06
5.964000000000000835e-06
5.964000000000000835e-06
5.964000000000000835e-06
7.935999999999999912e-06
8.919000000000000495e-06
8.919000000000000495e-06
9.900000000000000081e-06
8.919000000000000495e-06
8.919000000000000495e-06
8.919000000000000495e-06
8.919000000000000495e-06
6.951000000000000025e-06
7.935999999999999912e-06
7.935999999999999912e-06
7.935999999999999912e-06
9.900000000000000081e-06
9.900000000000000081e-06
9.900000000000000081e-06
7.935999999999999912e-06
6.951000000000000025e-06
7.935999999999999912e-06
6.951000000000000025e-06
5.964000000000000835e-06
5.964000000000000835e-06
6.951000000000000025e-06
7.935999999999999912e-06
7.935999999999999912e-06
7.935999999999999912e-06
7.935999999999999912e-06
6.951000000000000025e-06
6.951000000000000025e-06
7.935999999999999912e-06
6.951000000000000025e-06
6.951000000000000025e-06
6.951000000000000025e-06
4.975000000000000648e-06
5.964000000000000835e-06
5.964000000000000835e-06
5.964000000000000835e-06
5.964000000000000835e-06
7.935999999999999912e-06
6.951000000000000025e-06
5.964000000000000835e-06
5.964000000000000835e-06
5.964000000000000835e-06
5.964000000000000835e-06
5.964000000000000835e-06
6.951000000000000025e-06
6.951000000000000025e-06
6.951000000000000025e-06
5.964000000000000835e-06
6.951000000000000025e-06
5.964000000000000835e-06
5.964000000000000835e-06
3.983999999999999464e-06
3.983999999999999464e-06
3.983999999999999464e-06
4.975000000000000648e-06
4.975000000000000648e-06
5.964000000000000835e-06
5.964000000000000835e-06
5.964000000000000835e-06
6.951000000000000025e-06
6.951000000000000025e-06
7.935999999999999912e-06
7.935999999999999912e-06
6.951000000000000025e-06
6.951000000000000025e-06
6.951000000000000025e-06
6.951000000000000025e-06
6.951000000000000025e-06
4.975000000000000648e-06
5.964000000000000835e-06
4.975000000000000648e-06
5.964000000000000835e-06
5.964000000000000835e-06
4.975000000000000648e-06
4.975000000000000648e-06
4.975000000000000648e-06
5.964000000000000835e-06
3.983999999999999464e-06
3.983999999999999464e-06
2.991000000000000247e-06
2.991000000000000247e-06
2.991000000000000247e-06
2.991000000000000247e-06
2.991000000000000247e-06
3.983999999999999464e-06
3.983999999999999464e-06
3.983999999999999464e-06
3.983999999999999464e-06
3.983999999999999464e-06
3.983999999999999464e-06
3.983999999999999464e-06
4.975000000000000648e-06
2.991000000000000247e-06
5.964000000000000835e-06
5.964000000000000835e-06
5.964000000000000835e-06
4.975000000000000648e-06
4.975000000000000648e-06
5.964000000000000835e-06
5.964000000000000835e-06
4.975000000000000648e-06
4.975000000000000648e-06
3.983999999999999464e-06
3.983999999999999464e-06
3.983999999999999464e-06
3.983999999999999464e-06
2.991000000000000247e-06
2.991000000000000247e-06
3.983999999999999464e-06
2.991000000000000247e-06
2.991000000000000247e-06
2.991000000000000247e-06
2.991000000000000247e-06
2.991000000000000247e-06
2.991000000000000247e-06
2.991000000000000247e-06
2.991000000000000247e-06
2.991000000000000247e-06
2.991000000000000247e-06
2.991000000000000247e-06
3.983999999999999464e-06
2.991000000000000247e-06
2.991000000000000247e-06
2.991000000000000247e-06
1.996000000000000032e-06
1.996000000000000032e-06
1.996000000000000032e-06
2.991000000000000247e-06
1.996000000000000032e-06
1.996000000000000032e-06
2.991000000000000247e-06
1.996000000000000032e-06
1.996000000000000032e-06
9.990000000000000914e-07
9.990000000000000914e-07
1.996000000000000032e-06
2.991000000000000247e-06
4.975000000000000648e-06
4.975000000000000648e-06
4.975000000000000648e-06
4.975000000000000648e-06
3.983999999999999464e-06
4.975000000000000648e-06
5.964000000000000835e-06
6.951000000000000025e-06
6.951000000000000025e-06
6.951000000000000025e-06
6.951000000000000025e-06
5.964000000000000835e-06
5.964000000000000835e-06
5.964000000000000835e-06
4.975000000000000648e-06
4.975000000000000648e-06
4.975000000000000648e-06
5.964000000000000835e-06
6.951000000000000025e-06
5.964000000000000835e-06
5.964000000000000835e-06
5.964000000000000835e-06
5.964000000000000835e-06
4.975000000000000648e-06
3.983999999999999464e-06
3.983999999999999464e-06
3.983999999999999464e-06
3.983999999999999464e-06
4.975000000000000648e-06
4.975000000000000648e-06
5.964000000000000835e-06
5.964000000000000835e-06
5.964000000000000835e-06
5.964000000000000835e-06
7.935999999999999912e-06
7.935999999999999912e-06
7.935999999999999912e-06
7.935999999999999912e-06
6.951000000000000025e-06
5.964000000000000835e-06
5.964000000000000835e-06
6.951000000000000025e-06
7.935999999999999912e-06
8.919000000000000495e-06
7.935999999999999912e-06
7.935999999999999912e-06
7.935999999999999912e-06
6.951000000000000025e-06
8.919000000000000495e-06
8.919000000000000495e-06
8.919000000000000495e-06
8.919000000000000495e-06
7.935999999999999912e-06
7.935999999999999912e-06
5.964000000000000835e-06
4.975000000000000648e-06
4.975000000000000648e-06
4.975000000000000648e-06
4.975000000000000648e-06
4.975000000000000648e-06
4.975000000000000648e-06
4.975000000000000648e-06
3.983999999999999464e-06
4.975000000000000648e-06
4.975000000000000648e-06
4.975000000000000648e-06
4.975000000000000648e-06
4.975000000000000648e-06
6.951000000000000025e-06
6.951000000000000025e-06
6.951000000000000025e-06
5.964000000000000835e-06
4.975000000000000648e-06
4.975000000000000648e-06
4.975000000000000648e-06
4.975000000000000648e-06
4.975000000000000648e-06
4.975000000000000648e-06
2.991000000000000247e-06
2.991000000000000247e-06
2.991000000000000247e-06
2.991000000000000247e-06
2.991000000000000247e-06
2.991000000000000247e-06
2.991000000000000247e-06
2.991000000000000247e-06
2.991000000000000247e-06
3.983999999999999464e-06
3.983999999999999464e-06
3.983999999999999464e-06
2.991000000000000247e-06
1.996000000000000032e-06
1.996000000000000032e-06
1.996000000000000032e-06
2.991000000000000247e-06
2.991000000000000247e-06
2.991000000000000247e-06
2.991000000000000247e-06
2.991000000000000247e-06
2.991000000000000247e-06
2.991000000000000247e-06
2.991000000000000247e-06
2.991000000000000247e-06
4.975000000000000648e-06
4.975000000000000648e-06
4.975000000000000648e-06
4.975000000000000648e-06
5.964000000000000835e-06
5.964000000000000835e-06
5.964000000000000835e-06
4.975000000000000648e-06
5.964000000000000835e-06
5.964000000000000835e-06
7.935999999999999912e-06
6.951000000000000025e-06
7.935999999999999912e-06
7.935999999999999912e-06
7.935999999999999912e-06
9.900000000000000081e-06
9.900000000000000081e-06
9.900000000000000081e-06
9.900000000000000081e-06
9.900000000000000081e-06
8.919000000000000495e-06
8.919000000000000495e-06
7.935999999999999912e-06
7.935999999999999912e-06
5.964000000000000835e-06
4.975000000000000648e-06
4.975000000000000648e-06
4.975000000000000648e-06
4.975000000000000648e-06
4.975000000000000648e-06
4.975000000000000648e-06
3.983999999999999464e-06
3.983999999999999464e-06
3.983999999999999464e-06
4.975000000000000648e-06
4.975000000000000648e-06
3.983999999999999464e-06
3.983999999999999464e-06
3.983999999999999464e-06
2.991000000000000247e-06
2.991000000000000247e-06
2.991000000000000247e-06
2.991000000000000247e-06
2.991000000000000247e-06
3.983999999999999464e-06
3.983999999999999464e-06
3.983999999999999464e-06
3.983999999999999464e-06
4.975000000000000648e-06
4.975000000000000648e-06
4.975000000000000648e-06
4.975000000000000648e-06
3.983999999999999464e-06
3.983999999999999464e-06
3.983999999999999464e-06
4.975000000000000648e-06
3.983999999999999464e-06
3.983999999999999464e-06
3.983999999999999464e-06
3.983999999999999464e-06
3.983999999999999464e-06
3.983999999999999464e-06
3.983999999999999464e-06
3.983999999999999464e-06
3.983999999999999464e-06
3.983999999999999464e-06
3.983999999999999464e-06
3.983999999999999464e-06
1.996000000000000032e-06
1.996000000000000032e-06
1.996000000000000032e-06
1.996000000000000032e-06
1.996000000000000032e-06
1.996000000000000032e-06
2.991000000000000247e-06
2.991000000000000247e-06
2.991000000000000247e-06
2.991000000000000247e-06
4.975000000000000648e-06
5.964000000000000835e-06
5.964000000000000835e-06
5.964000000000000835e-06
4.975000000000000648e-06
3.983999999999999464e-06
4.975000000000000648e-06
4.975000000000000648e-06
5.964000000000000835e-06
5.964000000000000835e-06
5.964000000000000835e-06
5.964000000000000835e-06
5.964000000000000835e-06
5.964000000000000835e-06
5.964000000000000835e-06
6.951000000000000025e-06
6.951000000000000025e-06
7.935999999999999912e-06
7.935999999999999912e-06
5.964000000000000835e-06
5.964000000000000835e-06
4.975000000000000648e-06
4.975000000000000648e-06
4.975000000000000648e-06
3.983999999999999464e-06
3.983999999999999464e-06
3.983999999999999464e-06
3.983999999999999464e-06
3.983999999999999464e-06
3.983999999999999464e-06
2.991000000000000247e-06
2.991000000000000247e-06
2.991000000000000247e-06
2.991000000000000247e-06
2.991000000000000247e-06
2.991000000000000247e-06
2.991000000000000247e-06
2.991000000000000247e-06
2.991000000000000247e-06
2.991000000000000247e-06
2.991000000000000247e-06
2.991000000000000247e-06
2.991000000000000247e-06
3.983999999999999464e-06
3.983999999999999464e-06
3.983999999999999464e-06
3.983999999999999464e-06
3.983999999999999464e-06
3.983999999999999464e-06
3.983999999999999464e-06
3.983999999999999464e-06
2.991000000000000247e-06
2.991000000000000247e-06
2.991000000000000247e-06
2.991000000000000247e-06
2.991000000000000247e-06
2.991000000000000247e-06
2.991000000000000247e-06
2.991000000000000247e-06
2.991000000000000247e-06
9.990000000000000914e-07
0.000000000000000000e+00
0.000000000000000000e+00
0.000000000000000000e+00
0.000000000000000000e+00
0.000000000000000000e+00
0.000000000000000000e+00
0.000000000000000000e+00
0.000000000000000000e+00
0.000000000000000000e+00
0.000000000000000000e+00
0.000000000000000000e+00
0.000000000000000000e+00
0.000000000000000000e+00
0.000000000000000000e+00
0.000000000000000000e+00
0.000000000000000000e+00
0.000000000000000000e+00
0.000000000000000000e+00
0.000000000000000000e+00
0.000000000000000000e+00
0.000000000000000000e+00
0.000000000000000000e+00
9.990000000000000914e-07
9.990000000000000914e-07
9.990000000000000914e-07
9.990000000000000914e-07
9.990000000000000914e-07
1.996000000000000032e-06
1.996000000000000032e-06
1.996000000000000032e-06
2.991000000000000247e-06
2.991000000000000247e-06
2.991000000000000247e-06
2.991000000000000247e-06
2.991000000000000247e-06
2.991000000000000247e-06
2.991000000000000247e-06
2.991000000000000247e-06
1.996000000000000032e-06
1.996000000000000032e-06
9.990000000000000914e-07
9.990000000000000914e-07
9.990000000000000914e-07
9.990000000000000914e-07
1.996000000000000032e-06
1.996000000000000032e-06
9.990000000000000914e-07
9.990000000000000914e-07
9.990000000000000914e-07
9.990000000000000914e-07
1.996000000000000032e-06
1.996000000000000032e-06
2.991000000000000247e-06
2.991000000000000247e-06
1.996000000000000032e-06
9.990000000000000914e-07
9.990000000000000914e-07
1.996000000000000032e-06
1.996000000000000032e-06
1.996000000000000032e-06
1.996000000000000032e-06
1.996000000000000032e-06
2.991000000000000247e-06
2.991000000000000247e-06
2.991000000000000247e-06
3.983999999999999464e-06
4.975000000000000648e-06
4.975000000000000648e-06
3.983999999999999464e-06
3.983999999999999464e-06
3.983999999999999464e-06
3.983999999999999464e-06
4.975000000000000648e-06
4.975000000000000648e-06
4.975000000000000648e-06
4.975000000000000648e-06
3.983999999999999464e-06
4.975000000000000648e-06
4.975000000000000648e-06
3.983999999999999464e-06
4.975000000000000648e-06
3.983999999999999464e-06
3.983999999999999464e-06
3.983999999999999464e-06
3.983999999999999464e-06
2.991000000000000247e-06
1.996000000000000032e-06
1.996000000000000032e-06
1.996000000000000032e-06
1.996000000000000032e-06
2.991000000000000247e-06
1.996000000000000032e-06
1.996000000000000032e-06
9.990000000000000914e-07
9.990000000000000914e-07
9.990000000000000914e-07
9.990000000000000914e-07
9.990000000000000914e-07
9.990000000000000914e-07
9.990000000000000914e-07
1.996000000000000032e-06
1.996000000000000032e-06
1.996000000000000032e-06
1.996000000000000032e-06
1.996000000000000032e-06
2.991000000000000247e-06
2.991000000000000247e-06
2.991000000000000247e-06
2.991000000000000247e-06
2.991000000000000247e-06
2.991000000000000247e-06
2.991000000000000247e-06
1.996000000000000032e-06
1.996000000000000032e-06
1.996000000000000032e-06
1.996000000000000032e-06
1.996000000000000032e-06
1.996000000000000032e-06
1.996000000000000032e-06
1.996000000000000032e-06
1.996000000000000032e-06
1.996000000000000032e-06
1.996000000000000032e-06
1.996000000000000032e-06
9.990000000000000914e-07
9.990000000000000914e-07
9.990000000000000914e-07
9.990000000000000914e-07
9.990000000000000914e-07
9.990000000000000914e-07
9.990000000000000914e-07
1.996000000000000032e-06
1.996000000000000032e-06
1.996000000000000032e-06
1.996000000000000032e-06