0.000000000000000000e+00
0.000000000000000000e+00
0.000000000000000000e+00
0.000000000000000000e+00
0.000000000000000000e+00
0.000000000000000000e+00
0.000000000000000000e+00
2.990999999999965942e-06
3.983999999999987606e-06
1.574399999999998004e-05
4.479100000000002567e-05
9.239100000000000361e-05
1.330360000000000320e-04
1.693439999999999290e-04
2.024759999999999906e-04
2.210999999999999533e-04
2.320439999999999623e-04
2.385510000000000137e-04
2.429439999999999833e-04
2.446710000000000161e-04
2.455990000000000395e-04
2.462759999999999825e-04
2.453749999999999910e-04
2.451560000000000147e-04
2.442710000000000195e-04
2.431109999999999836e-04
2.403960000000000070e-04
2.367750000000000226e-04
2.320439999999999894e-04
2.253510000000000181e-04
2.183160000000000016e-04
2.115839999999999854e-04
2.050559999999999829e-04
1.975590000000000104e-04
1.914359999999999879e-04
1.875000000000000039e-04
1.813559999999999760e-04
1.743749999999999966e-04
1.699109999999999932e-04
1.664789999999999760e-04
1.600000000000000131e-04
1.563640000000000093e-04
1.495110000000000124e-04
1.463160000000000133e-04
1.417590000000000365e-04
1.330359999999999778e-04
1.275000000000000092e-04
1.884959999999999923e-04
1.818789999999999979e-04
1.738239999999999946e-04
1.749239999999999942e-04
1.687749999999999960e-04
1.653189999999999803e-04
1.647359999999999894e-04
1.653189999999999803e-04
1.611960000000000064e-04
1.575840000000000010e-04
1.526560000000000102e-04
1.501440000000000045e-04
1.488760000000000159e-04
1.469590000000000002e-04
1.417590000000000365e-04
1.357560000000000060e-04
1.330359999999999778e-04
1.295909999999999998e-04
1.330359999999999778e-04
1.281990000000000104e-04
1.260959999999999935e-04
1.260959999999999935e-04
1.211189999999999901e-04
1.196790000000000039e-04
1.218359999999999902e-04
1.246839999999999873e-04
1.246839999999999873e-04
1.246839999999999873e-04
1.239749999999999912e-04
1.239749999999999912e-04
1.196790000000000039e-04
1.189560000000000042e-04
1.167750000000000060e-04
1.131000000000000115e-04
1.101240000000000048e-04
1.078709999999999977e-04
1.048390000000000037e-04
1.025440000000000130e-04
1.040759999999999976e-04
1.048390000000000037e-04
1.056000000000000054e-04
1.056000000000000054e-04
1.025440000000000130e-04
9.711900000000000307e-05
9.397500000000000742e-05
9.318399999999999416e-05
9.476400000000000275e-05
9.476400000000000275e-05
9.633600000000000735e-05
9.633600000000000735e-05
9.555099999999999369e-05
9.397500000000000742e-05
9.159599999999999513e-05
8.919899999999999758e-05
8.919899999999999758e-05
8.999999999999999212e-05
8.435099999999999250e-05
8.189999999999999852e-05
8.516399999999999979e-05
8.353599999999999437e-05
8.271900000000000541e-05
8.189999999999999852e-05
8.271900000000000541e-05
8.107900000000000079e-05
7.943100000000000572e-05
7.694400000000000057e-05
7.777500000000000667e-05
7.527600000000001586e-05
7.443900000000001015e-05
7.611100000000000363e-05
7.191599999999999382e-05
7.360000000000000006e-05
7.275899999999999913e-05
7.191599999999999382e-05
7.191599999999999382e-05
7.527600000000001586e-05
7.443900000000001015e-05
6.852399999999999648e-05
7.107099999999999767e-05
7.275899999999999913e-05
7.443900000000001015e-05
7.694400000000000057e-05
7.275899999999999913e-05
7.191599999999999382e-05
7.275899999999999913e-05
7.191599999999999382e-05
6.852399999999999648e-05
6.937499999999999223e-05
6.510000000000001029e-05
6.423900000000000617e-05
6.251099999999999832e-05
6.164400000000000814e-05
6.423900000000000617e-05
6.337599999999999766e-05
6.251099999999999832e-05
6.423900000000000617e-05
6.251099999999999832e-05
6.251099999999999832e-05
6.251099999999999832e-05
6.337599999999999766e-05
6.077500000000000003e-05
6.164400000000000814e-05
5.903099999999999775e-05
5.815599999999999681e-05
5.903099999999999775e-05
5.815599999999999681e-05
6.164400000000000814e-05
5.815599999999999681e-05
5.551900000000000156e-05
5.551900000000000156e-05
5.286400000000000072e-05
5.463600000000000341e-05
5.375100000000000087e-05
4.839899999999999519e-05
4.659899999999999887e-05
4.479099999999999857e-05
4.569599999999999753e-05
4.839899999999999519e-05
4.839899999999999519e-05
4.839899999999999519e-05
5.108400000000000083e-05
5.108400000000000083e-05
4.929599999999999694e-05
5.019100000000000108e-05
4.659899999999999887e-05
4.750000000000000262e-05
4.750000000000000262e-05
4.929599999999999694e-05
4.750000000000000262e-05
4.839899999999999519e-05
4.659899999999999887e-05
4.297500000000000105e-05
4.297500000000000105e-05
4.388400000000000200e-05
4.206399999999999571e-05
4.297500000000000105e-05
4.388400000000000200e-05
4.297500000000000105e-05
4.115099999999999954e-05
4.115099999999999954e-05
4.023599999999999898e-05
4.023599999999999898e-05
3.840000000000000504e-05
3.931900000000000081e-05
4.206399999999999571e-05
4.206399999999999571e-05
4.297500000000000105e-05
4.297500000000000105e-05
4.388400000000000200e-05
4.388400000000000200e-05
4.297500000000000105e-05
4.479099999999999857e-05
4.388400000000000200e-05
4.297500000000000105e-05
3.840000000000000504e-05
3.655600000000000033e-05
3.747899999999999810e-05
3.747899999999999810e-05
3.840000000000000504e-05
3.747899999999999810e-05
3.377500000000000782e-05
3.747899999999999810e-05
3.655600000000000033e-05
3.747899999999999810e-05
3.747899999999999810e-05
3.563099999999999818e-05
3.377500000000000782e-05
3.563099999999999818e-05
3.655600000000000033e-05
3.747899999999999810e-05
3.655600000000000033e-05
3.470399999999999841e-05
3.377500000000000782e-05
3.377500000000000782e-05
3.563099999999999818e-05
3.563099999999999818e-05
3.284400000000000606e-05
3.191099999999999991e-05
2.909999999999999582e-05
3.191099999999999991e-05
3.191099999999999991e-05
3.470399999999999841e-05
3.377500000000000782e-05
3.470399999999999841e-05
3.470399999999999841e-05
3.284400000000000606e-05
3.284400000000000606e-05
3.003899999999999818e-05
2.909999999999999582e-05
3.003899999999999818e-05
3.097600000000000294e-05
3.097600000000000294e-05
3.003899999999999818e-05
3.097600000000000294e-05
3.191099999999999991e-05
3.191099999999999991e-05
3.191099999999999991e-05
3.097600000000000294e-05
3.003899999999999818e-05
2.815899999999999924e-05
2.909999999999999582e-05
2.815899999999999924e-05
2.815899999999999924e-05
2.815899999999999924e-05
3.003899999999999818e-05
2.909999999999999582e-05
3.284400000000000606e-05
3.191099999999999991e-05
3.377500000000000782e-05
3.377500000000000782e-05
3.563099999999999818e-05
3.747899999999999810e-05
3.931900000000000081e-05
3.840000000000000504e-05
3.655600000000000033e-05
3.655600000000000033e-05
3.655600000000000033e-05
3.655600000000000033e-05
3.563099999999999818e-05
3.284400000000000606e-05
3.284400000000000606e-05
3.097600000000000294e-05
3.191099999999999991e-05
3.191099999999999991e-05
3.377500000000000782e-05
3.377500000000000782e-05
3.191099999999999991e-05
2.909999999999999582e-05
2.815899999999999924e-05
2.721600000000000167e-05
2.627099999999999970e-05
2.532400000000000013e-05
2.342400000000000138e-05
2.247099999999999881e-05
2.342400000000000138e-05
2.437499999999999956e-05
2.247099999999999881e-05
2.342400000000000138e-05
2.151600000000000203e-05
2.055900000000000086e-05
2.055900000000000086e-05
2.055900000000000086e-05
2.055900000000000086e-05
2.151600000000000203e-05
2.247099999999999881e-05
2.151600000000000203e-05
2.437499999999999956e-05
2.342400000000000138e-05
2.342400000000000138e-05
2.342400000000000138e-05
2.532400000000000013e-05
2.532400000000000013e-05
2.627099999999999970e-05
2.721600000000000167e-05
2.815899999999999924e-05
2.532400000000000013e-05
2.437499999999999956e-05
2.532400000000000013e-05
2.437499999999999956e-05
2.532400000000000013e-05
2.532400000000000013e-05
2.342400000000000138e-05
2.342400000000000138e-05
2.627099999999999970e-05
2.627099999999999970e-05
2.721600000000000167e-05
2.721600000000000167e-05
2.721600000000000167e-05
2.721600000000000167e-05
2.627099999999999970e-05
2.532400000000000013e-05
2.342400000000000138e-05
2.532400000000000013e-05
2.627099999999999970e-05
2.627099999999999970e-05
2.247099999999999881e-05
2.342400000000000138e-05
2.247099999999999881e-05
2.247099999999999881e-05
2.342400000000000138e-05
2.342400000000000138e-05
2.437499999999999956e-05
2.532400000000000013e-05
2.342400000000000138e-05
2.627099999999999970e-05
2.721600000000000167e-05
2.815899999999999924e-05
2.909999999999999582e-05
2.721600000000000167e-05
2.532400000000000013e-05
2.342400000000000138e-05
2.247099999999999881e-05
2.532400000000000013e-05
2.532400000000000013e-05
2.532400000000000013e-05
2.342400000000000138e-05
2.247099999999999881e-05
2.151600000000000203e-05
2.151600000000000203e-05
2.055900000000000086e-05
2.151600000000000203e-05
2.151600000000000203e-05
2.055900000000000086e-05
2.151600000000000203e-05
2.342400000000000138e-05
2.342400000000000138e-05
2.247099999999999881e-05
2.342400000000000138e-05
2.342400000000000138e-05
2.247099999999999881e-05
2.247099999999999881e-05
2.151600000000000203e-05
2.247099999999999881e-05
2.247099999999999881e-05
2.055900000000000086e-05
2.055900000000000086e-05
1.863899999999999891e-05
1.767599999999999814e-05
1.671099999999999975e-05
1.767599999999999814e-05
1.959999999999999869e-05
1.959999999999999869e-05
1.959999999999999869e-05
2.055900000000000086e-05
2.055900000000000086e-05
2.055900000000000086e-05
1.863899999999999891e-05
1.863899999999999891e-05
1.767599999999999814e-05
1.671099999999999975e-05
1.767599999999999814e-05
1.767599999999999814e-05
1.671099999999999975e-05
1.574400000000000037e-05
1.574400000000000037e-05
1.477499999999999999e-05
1.477499999999999999e-05
1.574400000000000037e-05
1.574400000000000037e-05
1.767599999999999814e-05
1.671099999999999975e-05
1.767599999999999814e-05
1.767599999999999814e-05
1.671099999999999975e-05
1.671099999999999975e-05
1.574400000000000037e-05
1.477499999999999999e-05
1.380400000000000031e-05
1.671099999999999975e-05
1.959999999999999869e-05
2.055900000000000086e-05
2.151600000000000203e-05
2.151600000000000203e-05
2.151600000000000203e-05
2.342400000000000138e-05
2.437499999999999956e-05
2.151600000000000203e-05
2.055900000000000086e-05
2.151600000000000203e-05
1.959999999999999869e-05
1.767599999999999814e-05
1.767599999999999814e-05
1.863899999999999891e-05
1.863899999999999891e-05
1.767599999999999814e-05
1.767599999999999814e-05
1.671099999999999975e-05
1.863899999999999891e-05
1.767599999999999814e-05
1.574400000000000037e-05
1.380400000000000031e-05
1.477499999999999999e-05
1.380400000000000031e-05
1.380400000000000031e-05
1.283099999999999794e-05
1.477499999999999999e-05
1.477499999999999999e-05
1.477499999999999999e-05
1.574400000000000037e-05
1.671099999999999975e-05
1.767599999999999814e-05
1.767599999999999814e-05
1.671099999999999975e-05
1.767599999999999814e-05
1.863899999999999891e-05
1.863899999999999891e-05
1.767599999999999814e-05
1.767599999999999814e-05
1.767599999999999814e-05
1.863899999999999891e-05
1.863899999999999891e-05
1.959999999999999869e-05
1.959999999999999869e-05
1.863899999999999891e-05
2.055900000000000086e-05
2.151600000000000203e-05
2.055900000000000086e-05
2.055900000000000086e-05
1.863899999999999891e-05
2.151600000000000203e-05
1.959999999999999869e-05
1.959999999999999869e-05
1.863899999999999891e-05
1.671099999999999975e-05
1.671099999999999975e-05
1.477499999999999999e-05
1.574400000000000037e-05
1.477499999999999999e-05
1.380400000000000031e-05
1.380400000000000031e-05
1.283099999999999794e-05
1.185599999999999965e-05
1.185599999999999965e-05
1.087900000000000036e-05
1.087900000000000036e-05
1.283099999999999794e-05
1.477499999999999999e-05
1.283099999999999794e-05
1.185599999999999965e-05
1.087900000000000036e-05
1.087900000000000036e-05
1.185599999999999965e-05
9.900000000000000081e-06
9.900000000000000081e-06
8.919000000000000495e-06
7.935999999999999912e-06
8.919000000000000495e-06
8.919000000000000495e-06
9.900000000000000081e-06
9.900000000000000081e-06
9.900000000000000081e-06
9.900000000000000081e-06
9.900000000000000081e-06
1.087900000000000036e-05
1.087900000000000036e-05
1.087900000000000036e-05
1.087900000000000036e-05
8.919000000000000495e-06
8.919000000000000495e-06
9.900000000000000081e-06
9.900000000000000081e-06
1.087900000000000036e-05
1.185599999999999965e-05
1.185599999999999965e-05
1.185599999999999965e-05
1.185599999999999965e-05
1.087900000000000036e-05
1.087900000000000036e-05
1.087900000000000036e-05
9.900000000000000081e-06
9.900000000000000081e-06
9.900000000000000081e-06
9.900000000000000081e-06
8.919000000000000495e-06
8.919000000000000495e-06
8.919000000000000495e-06
7.935999999999999912e-06
7.935999999999999912e-06
7.935999999999999912e-06
8.919000000000000495e-06
8.919000000000000495e-06
8.919000000000000495e-06
8.919000000000000495e-06
9.900000000000000081e-06
1.087900000000000036e-05
1.185599999999999965e-05
1.185599999999999965e-05
1.087900000000000036e-05
1.087900000000000036e-05
1.087900000000000036e-05
1.185599999999999965e-05
1.087900000000000036e-05
1.087900000000000036e-05
1.087900000000000036e-05
1.087900000000000036e-05
1.185599999999999965e-05
1.185599999999999965e-05
1.185599999999999965e-05
1.185599999999999965e-05
1.087900000000000036e-05
1.087900000000000036e-05
1.087900000000000036e-05
1.087900000000000036e-05
1.087900000000000036e-05
8.919000000000000495e-06
9.900000000000000081e-06
9.900000000000000081e-06
1.087900000000000036e-05
1.185599999999999965e-05
1.185599999999999965e-05
1.185599999999999965e-05
1.185599999999999965e-05
1.283099999999999794e-05
1.283099999999999794e-05
1.185599999999999965e-05
1.283099999999999794e-05
1.380400000000000031e-05
1.477499999999999999e-05
1.477499999999999999e-05
1.477499999999999999e-05
1.477499999999999999e-05
1.380400000000000031e-05
1.283099999999999794e-05
1.185599999999999965e-05
9.900000000000000081e-06
6.951000000000000025e-06
6.951000000000000025e-06
6.951000000000000025e-06
7.935999999999999912e-06
7.935999999999999912e-06
6.951000000000000025e-06
6.951000000000000025e-06
8.919000000000000495e-06
6.951000000000000025e-06
5.964000000000000835e-06
5.964000000000000835e-06
5.964000000000000835e-06
5.964000000000000835e-06
6.951000000000000025e-06
7.935999999999999912e-06
6.951000000000000025e-06
7.935999999999999912e-06
7.935999999999999912e-06
7.935999999999999912e-06
7.935999999999999912e-06
7.935999999999999912e-06
6.951000000000000025e-06
6.951000000000000025e-06
7.935999999999999912e-06
8.919000000000000495e-06
8.919000000000000495e-06
8.919000000000000495e-06
8.919000000000000495e-06
7.935999999999999912e-06
6.951000000000000025e-06
7.935999999999999912e-06
6.951000000000000025e-06
6.951000000000000025e-06
7.935999999999999912e-06
7.935999999999999912e-06
7.935999999999999912e-06
7.935999999999999912e-06
6.951000000000000025e-06
6.951000000000000025e-06
6.951000000000000025e-06
5.964000000000000835e-06
5.964000000000000835e-06
6.951000000000000025e-06
7.935999999999999912e-06
8.919000000000000495e-06
9.900000000000000081e-06
9.900000000000000081e-06
9.900000000000000081e-06
9.900000000000000081e-06
9.900000000000000081e-06
9.900000000000000081e-06
8.919000000000000495e-06
8.919000000000000495e-06
8.919000000000000495e-06
8.919000000000000495e-06
1.087900000000000036e-05
9.900000000000000081e-06
1.087900000000000036e-05
1.087900000000000036e-05
1.087900000000000036e-05
1.087900000000000036e-05
1.087900000000000036e-05
1.087900000000000036e-05
1.087900000000000036e-05
1.087900000000000036e-05
9.900000000000000081e-06
1.087900000000000036e-05
1.087900000000000036e-05
1.185599999999999965e-05
1.185599999999999965e-05
1.185599999999999965e-05
1.087900000000000036e-05
1.087900000000000036e-05
9.900000000000000081e-06
8.919000000000000495e-06
8.919000000000000495e-06
6.951000000000000025e-06
6.951000000000000025e-06
6.951000000000000025e-06
6.951000000000000025e-06
5.964000000000000835e-06
5.964000000000000835e-06
5.964000000000000835e-06
6.951000000000000025e-06
7.935999999999999912e-06
6.951000000000000025e-06
6.951000000000000025e-06
7.935999999999999912e-06
7.935999999999999912e-06
7.935999999999999912e-06
7.935999999999999912e-06
7.935999999999999912e-06
7.935999999999999912e-06
7.935999999999999912e-06
7.935999999999999912e-06
7.935999999999999912e-06
7.935999999999999912e-06
6.951000000000000025e-06
6.951000000000000025e-06
6.951000000000000025e-06
5.964000000000000835e-06
7.935999999999999912e-06
7.935999999999999912e-06
8.919000000000000495e-06
9.900000000000000081e-06
8.919000000000000495e-06
9.900000000000000081e-06
9.900000000000000081e-06
9.900000000000000081e-06
9.900000000000000081e-06
9.900000000000000081e-06
9.900000000000000081e-06
9.900000000000000081e-06
5.964000000000000835e-06
4.975000000000000648e-06
5.964000000000000835e-06
5.964000000000000835e-06
5.964000000000000835e-06
4.975000000000000648e-06
3.983999999999999464e-06
4.975000000000000648e-06
5.964000000000000835e-06
5.964000000000000835e-06
6.951000000000000025e-06
6.951000000000000025e-06
9.900000000000000081e-06
9.900000000000000081e-06
9.900000000000000081e-06
1.087900000000000036e-05
1.087900000000000036e-05
1.185599999999999965e-05
9.900000000000000081e-06
9.900000000000000081e-06
9.900000000000000081e-06
9.900000000000000081e-06
1.087900000000000036e-05
8.919000000000000495e-06
8.919000000000000495e-06
7.935999999999999912e-06
7.935999999999999912e-06
7.935999999999999912e-06
5.964000000000000835e-06
5.964000000000000835e-06
5.964000000000000835e-06
5.964000000000000835e-06
5.964000000000000835e-06
5.964000000000000835e-06
5.964000000000000835e-06
5.964000000000000835e-06
5.964000000000000835e-06
5.964000000000000835e-06
5.964000000000000835e-06
5.964000000000000835e-06
5.964000000000000835e-06
4.975000000000000648e-06
4.975000000000000648e-06
3.983999999999999464e-06
3.983999999999999464e-06
2.991000000000000247e-06
2.991000000000000247e-06
2.991000000000000247e-06
3.983999999999999464e-06
4.975000000000000648e-06
2.991000000000000247e-06
2.991000000000000247e-06
2.991000000000000247e-06
2.991000000000000247e-06
2.991000000000000247e-06
3.983999999999999464e-06
2.991000000000000247e-06
1.996000000000000032e-06
1.996000000000000032e-06
1.996000000000000032e-06
1.996000000000000032e-06
9.990000000000000914e-07
9.990000000000000914e-07
9.990000000000000914e-07
9.990000000000000914e-07
9.990000000000000914e-07
9.990000000000000914e-07
9.990000000000000914e-07
9.990000000000000914e-07
1.996000000000000032e-06
3.983999999999999464e-06
3.983999999999999464e-06
4.975000000000000648e-06
4.975000000000000648e-06
4.975000000000000648e-06
4.975000000000000648e-06
3.983999999999999464e-06
3.983999999999999464e-06
3.983999999999999464e-06
4.975000000000000648e-06
4.975000000000000648e-06
4.975000000000000648e-06
4.975000000000000648e-06
4.975000000000000648e-06
3.983999999999999464e-06
3.983999999999999464e-06
3.983999999999999464e-06
3.983999999999999464e-06
2.991000000000000247e-06
1.996000000000000032e-06
2.991000000000000247e-06
2.991000000000000247e-06
2.991000000000000247e-06
2.991000000000000247e-06
2.991000000000000247e-06
2.991000000000000247e-06
3.983999999999999464e-06
3.983999999999999464e-06
3.983999999999999464e-06
3.983999999999999464e-06
1.996000000000000032e-06
1.996000000000000032e-06
1.996000000000000032e-06
2.991000000000000247e-06
2.991000000000000247e-06
2.991000000000000247e-06
2.991000000000000247e-06
2.991000000000000247e-06
2.991000000000000247e-06
2.991000000000000247e-06
2.991000000000000247e-06
3.983999999999999464e-06
3.983999999999999464e-06
3.983999999999999464e-06
3.983999999999999464e-06
4.975000000000000648e-06
4.975000000000000648e-06
5.964000000000000835e-06
5.964000000000000835e-06
5.964000000000000835e-06
6.951000000000000025e-06
4.975000000000000648e-06
4.975000000000000648e-06
4.975000000000000648e-06
5.964000000000000835e-06
5.964000000000000835e-06
5.964000000000000835e-06
4.975000000000000648e-06
3.983999999999999464e-06
4.975000000000000648e-06
4.975000000000000648e-06
4.975000000000000648e-06
4.975000000000000648e-06
5.964000000000000835e-06
4.975000000000000648e-06
4.975000000000000648e-06
3.983999999999999464e-06
4.975000000000000648e-06
4.975000000000000648e-06
4.975000000000000648e-06
4.975000000000000648e-06
3.983999999999999464e-06
4.975000000000000648e-06
3.983999999999999464e-06
3.983999999999999464e-06
3.983999999999999464e-06
3.983999999999999464e-06
4.975000000000000648e-06
4.975000000000000648e-06
4.975000000000000648e-06
4.975000000000000648e-06
6.951000000000000025e-06
6.951000000000000025e-06
6.951000000000000025e-06
6.951000000000000025e-06
5.964000000000000835e-06
5.964000000000000835e-06
6.951000000000000025e-06
5.964000000000000835e-06
5.964000000000000835e-06
5.964000000000000835e-06
4.975000000000000648e-06
4.975000000000000648e-06
3.983999999999999464e-06
3.983999999999999464e-06
3.983999999999999464e-06
3.983999999999999464e-06
3.983999999999999464e-06
2.991000000000000247e-06
2.991000000000000247e-06
2.991000000000000247e-06
1.996000000000000032e-06
1.996000000000000032e-06
9.990000000000000914e-07
9.990000000000000914e-07
9.990000000000000914e-07
9.990000000000000914e-07
9.990000000000000914e-07
9.990000000000000914e-07
9.990000000000000914e-07
9.990000000000000914e-07
9.990000000000000914e-07
9.990000000000000914e-07
1.996000000000000032e-06
9.990000000000000914e-07
9.990000000000000914e-07
1.996000000000000032e-06
1.996000000000000032e-06
2.991000000000000247e-06
2.991000000000000247e-06
2.991000000000000247e-06
2.991000000000000247e-06
3.983999999999999464e-06
4.975000000000000648e-06
4.975000000000000648e-06
4.975000000000000648e-06
5.964000000000000835e-06
4.975000000000000648e-06
4.975000000000000648e-06
4.975000000000000648e-06
4.975000000000000648e-06
4.975000000000000648e-06
4.975000000000000648e-06
4.975000000000000648e-06
5.964000000000000835e-06
4.975000000000000648e-06
4.975000000000000648e-06
6.951000000000000025e-06
6.951000000000000025e-06
6.951000000000000025e-06
6.951000000000000025e-06
6.951000000000000025e-06
5.964000000000000835e-06
6.951000000000000025e-06
6.951000000000000025e-06
6.951000000000000025e-06
6.951000000000000025e-06
6.951000000000000025e-06
6.951000000000000025e-06
6.951000000000000025e-06
5.964000000000000835e-06
5.964000000000000835e-06
6.951000000000000025e-06
5.964000000000000835e-06
5.964000000000000835e-06
5.964000000000000835e-06
5.964000000000000835e-06
4.975000000000000648e-06
3.983999999999999464e-06
3.983999999999999464e-06
3.983999999999999464e-06
3.983999999999999464e-06
3.983999999999999464e-06
3.983999999999999464e-06
3.983999999999999464e-06
3.983999999999999464e-06
3.983999999999999464e-06
3.983999999999999464e-06
3.983999999999999464e-06
4.975000000000000648e-06
3.983999999999999464e-06
3.983999999999999464e-06
3.983999999999999464e-06
3.983999999999999464e-06
3.983999999999999464e-06
3.983999999999999464e-06
4.975000000000000648e-06
4.975000000000000648e-06
4.975000000000000648e-06
4.975000000000000648e-06
4.975000000000000648e-06
5.964000000000000835e-06
5.964000000000000835e-06
6.951000000000000025e-06
7.935999999999999912e-06
7.935999999999999912e-06
7.935999999999999912e-06
7.935999999999999912e-06
6.951000000000000025e-06
6.951000000000000025e-06
5.964000000000000835e-06
5.964000000000000835e-06
5.964000000000000835e-06
5.964000000000000835e-06
5.964000000000000835e-06
5.964000000000000835e-06
6.951000000000000025e-06
5.964000000000000835e-06
5.964000000000000835e-06
5.964000000000000835e-06
4.975000000000000648e-06
4.975000000000000648e-06
4.975000000000000648e-06
3.983999999999999464e-06
3.983999999999999464e-06
3.983999999999999464e-06
3.983999999999999464e-06
4.975000000000000648e-06
4.975000000000000648e-06
4.975000000000000648e-06
3.983999999999999464e-06
1.996000000000000032e-06
1.996000000000000032e-06
2.991000000000000247e-06
2.991000000000000247e-06
2.991000000000000247e-06
2.991000000000000247e-06
2.991000000000000247e-06
2.991000000000000247e-06
2.991000000000000247e-06
2.991000000000000247e-06
2.991000000000000247e-06
3.983999999999999464e-06
3.983999999999999464e-06
3.983999999999999464e-06
3.983999999999999464e-06
3.983999999999999464e-06
3.983999999999999464e-06
4.975000000000000648e-06
4.975000000000000648e-06
4.975000000000000648e-06
4.975000000000000648e-06
4.975000000000000648e-06
5.964000000000000835e-06
5.964000000000000835e-06
5.964000000000000835e-06
5.964000000000000835e-06
5.964000000000000835e-06
5.964000000000000835e-06
5.964000000000000835e-06
5.964000000000000835e-06
5.964000000000000835e-06
5.964000000000000835e-06
5.964000000000000835e-06
5.964000000000000835e-06
4.975000000000000648e-06
4.975000000000000648e-06
4.975000000000000648e-06
4.975000000000000648e-06
5.964000000000000835e-06
5.964000000000000835e-06
5.964000000000000835e-06
5.964000000000000835e-06
4.975000000000000648e-06
4.975000000000000648e-06
4.975000000000000648e-06
4.975000000000000648e-06
5.964000000000000835e-06
5.964000000000000835e-06
5.964000000000000835e-06
5.964000000000000835e-06
5.964000000000000835e-06
5.964000000000000835e-06
5.964000000000000835e-06
5.964000000000000835e-06
3.983999999999999464e-06