1.000000000000000000e+00
1.000000000000000000e+00
1.000000000000000000e+00
1.000000000000000000e+00
1.000000000000000000e+00
1.000000000000000000e+00
1.000000000000000000e+00
1.000000000000000000e+00
1.000000000000000000e+00
1.000000000000000000e+00
9.969999999999999973e-01
9.959999999999999964e-01
9.839999999999999858e-01
9.529999999999999583e-01
8.970000000000000195e-01
8.419999999999999707e-01
7.840000000000000302e-01
7.179999999999999716e-01
6.700000000000000400e-01
6.340000000000000080e-01
6.069999999999999840e-01
5.839999999999999636e-01
5.729999999999999538e-01
5.490000000000000435e-01
5.320000000000000284e-01
5.050000000000000044e-01
4.879999999999999893e-01
4.729999999999999760e-01
4.420000000000000040e-01
4.169999999999999818e-01
4.020000000000000240e-01
3.850000000000000089e-01
3.659999999999999920e-01
3.430000000000000271e-01
3.220000000000000084e-01
3.039999999999999925e-01
2.879999999999999782e-01
2.710000000000000187e-01
2.580000000000000071e-01
2.500000000000000000e-01
2.379999999999999893e-01
2.250000000000000056e-01
2.169999999999999984e-01
2.109999999999999931e-01
2.000000000000000111e-01
1.940000000000000058e-01
1.829999999999999960e-01
1.779999999999999916e-01
1.710000000000000131e-01
1.580000000000000016e-01
1.499999999999999944e-01
